2018-08-29 10:25:59,1217.HK,0.019,0.025,0.019,0.024,3.16M
2018-08-29 10:26:07,1217.HK,0.019,0.025,0.019,0.024,3.16M
2018-08-29 10:26:10,1217.HK,0.019,0.025,0.019,0.024,3.16M
2018-08-29 10:26:12,1217.HK,0.019,0.025,0.019,0.024,3.16M
2018-08-29 10:26:15,1217.HK,0.019,0.025,0.019,0.024,3.16M
2018-08-29 10:26:19,1217.HK,0.019,0.025,0.019,0.024,3.16M
2018-08-29 10:26:26,1217.HK,0.019,0.025,0.019,0.024,3.16M
2018-08-29 10:26:30,1217.HK,0.019,0.025,0.019,0.024,3.16M
2018-08-29 10:26:33,1217.HK,0.019,0.025,0.019,0.024,3.16M
2018-08-29 10:26:36,1217.HK,0.019,0.025,0.019,0.024,3.16M
2018-08-29 10:26:41,1217.HK,0.019,0.025,0.019,0.024,3.16M
2018-08-29 10:26:48,1217.HK,0.019,0.025,0.019,0.024,3.16M
2018-08-29 10:26:51,1217.HK,0.019,0.025,0.019,0.023,3.16M
2018-08-29 10:26:53,1217.HK,0.019,0.025,0.019,0.023,3.16M
2018-08-29 10:26:56,1217.HK,0.019,0.025,0.019,0.023,3.16M
2018-08-29 10:26:59,1217.HK,0.019,0.025,0.019,0.023,3.16M
2018-08-29 10:27:02,1217.HK,0.019,0.025,0.019,0.023,3.16M
2018-08-29 10:27:04,1217.HK,0.019,0.025,0.019,0.023,3.16M
2018-08-29 10:27:07,1217.HK,0.019,0.025,0.019,0.023,3.16M
2018-08-29 10:27:10,1217.HK,0.019,0.025,0.019,0.023,3.16M
2018-08-29 10:27:12,1217.HK,0.019,0.025,0.019,0.023,3.16M
2018-08-29 10:27:16,1217.HK,0.019,0.025,0.019,0.023,3.16M
2018-08-29 10:27:22,1217.HK,0.019,0.025,0.019,0.023,3.16M
2018-08-29 10:27:25,1217.HK,0.019,0.025,0.019,0.023,3.16M
2018-08-29 10:27:29,1217.HK,0.019,0.025,0.019,0.023,3.16M
2018-08-29 10:27:32,1217.HK,0.019,0.025,0.019,0.023,3.16M
2018-08-29 10:27:34,1217.HK,0.019,0.025,0.019,0.023,3.16M
2018-08-29 10:27:38,1217.HK,0.019,0.025,0.019,0.023,3.16M
2018-08-29 10:27:43,1217.HK,0.019,0.025,0.019,0.023,3.16M
2018-08-29 10:27:47,1217.HK,0.019,0.025,0.019,0.023,3.16M
2018-08-29 10:27:50,1217.HK,0.019,0.025,0.019,0.023,3.16M
2018-08-29 10:27:59,1217.HK,0.019,0.025,0.019,0.023,3.16M
2018-08-29 10:28:06,1217.HK,0.019,0.025,0.019,0.023,3.16M
2018-08-29 10:28:15,1217.HK,0.019,0.025,0.019,0.023,3.16M
2018-08-29 10:28:21,1217.HK,0.019,0.025,0.019,0.023,3.16M
2018-08-29 10:28:24,1217.HK,0.019,0.025,0.019,0.023,3.16M
2018-08-29 10:28:28,1217.HK,0.019,0.025,0.019,0.022,3.16M
2018-08-29 10:28:31,1217.HK,0.019,0.025,0.019,0.022,3.16M
2018-08-29 10:28:35,1217.HK,0.019,0.025,0.019,0.022,3.16M
2018-08-29 10:28:38,1217.HK,0.019,0.025,0.019,0.022,3.16M
2018-08-29 10:28:42,1217.HK,0.019,0.025,0.019,0.022,3.16M
2018-08-29 10:28:46,1217.HK,0.019,0.025,0.019,0.022,3.16M
2018-08-29 10:28:49,1217.HK,0.019,0.025,0.019,0.022,3.16M
2018-08-29 10:28:51,1217.HK,0.019,0.025,0.019,0.022,3.16M
2018-08-29 10:28:54,1217.HK,0.019,0.025,0.019,0.022,3.16M
2018-08-29 10:28:57,1217.HK,0.019,0.025,0.019,0.021,3.16M
2018-08-29 10:28:59,1217.HK,0.019,0.025,0.019,0.021,3.16M
2018-08-29 10:29:02,1217.HK,0.019,0.025,0.019,0.021,3.16M
2018-08-29 10:29:05,1217.HK,0.019,0.025,0.019,0.021,3.16M
2018-08-29 10:29:07,1217.HK,0.019,0.025,0.019,0.021,3.16M
2018-08-29 10:29:12,1217.HK,0.019,0.025,0.019,0.021,3.16M
2018-08-29 10:29:15,1217.HK,0.019,0.025,0.019,0.021,3.16M
2018-08-29 10:29:17,1217.HK,0.019,0.025,0.019,0.021,3.16M
2018-08-29 10:29:19,1217.HK,0.019,0.025,0.019,0.021,3.16M
2018-08-29 10:29:22,1217.HK,0.019,0.025,0.019,0.021,3.16M
2018-08-29 10:29:25,1217.HK,0.019,0.025,0.019,0.021,3.16M
2018-08-29 10:29:28,1217.HK,0.019,0.025,0.019,0.021,3.16M
2018-08-29 10:29:31,1217.HK,0.019,0.025,0.019,0.021,3.16M
2018-08-29 10:29:34,1217.HK,0.019,0.025,0.019,0.021,3.16M
2018-08-29 10:29:37,1217.HK,0.019,0.025,0.019,0.021,3.16M
2018-08-29 10:29:40,1217.HK,0.019,0.025,0.019,0.021,3.16M
2018-08-29 10:29:43,1217.HK,0.019,0.025,0.019,0.021,3.16M
2018-08-29 10:29:46,1217.HK,0.019,0.025,0.019,0.021,3.16M
2018-08-29 10:29:49,1217.HK,0.019,0.025,0.019,0.021,3.16M
2018-08-29 10:29:55,1217.HK,0.019,0.025,0.019,0.021,3.16M
2018-08-29 10:29:59,1217.HK,0.019,0.025,0.019,0.021,3.16M
2018-08-29 10:30:02,1217.HK,0.019,0.025,0.019,0.021,3.16M
2018-08-29 10:30:12,1217.HK,0.019,0.025,0.019,0.021,3.16M
2018-08-29 10:30:21,1217.HK,0.019,0.025,0.019,0.021,3.16M
2018-08-29 10:30:26,1217.HK,0.019,0.025,0.019,0.021,3.16M
2018-08-29 10:30:29,1217.HK,0.019,0.025,0.019,0.021,3.16M
2018-08-29 10:30:32,1217.HK,0.019,0.025,0.019,0.021,3.16M
2018-08-29 10:30:35,1217.HK,0.019,0.025,0.019,0.021,3.16M
2018-08-29 10:30:37,1217.HK,0.019,0.025,0.019,0.021,3.16M
2018-08-29 10:30:40,1217.HK,0.019,0.025,0.019,0.021,3.16M
2018-08-29 10:30:42,1217.HK,0.019,0.025,0.019,0.021,3.16M
2018-08-29 10:30:45,1217.HK,0.019,0.025,0.019,0.021,3.16M
2018-08-29 10:30:48,1217.HK,0.019,0.025,0.019,0.021,3.16M
2018-08-29 10:30:51,1217.HK,0.019,0.025,0.019,0.021,3.16M
2018-08-29 10:30:56,1217.HK,0.019,0.025,0.019,0.021,3.16M
2018-08-29 10:31:01,1217.HK,0.019,0.025,0.019,0.021,3.16M
2018-08-29 10:31:04,1217.HK,0.019,0.025,0.019,0.021,3.16M
2018-08-29 10:31:07,1217.HK,0.019,0.025,0.019,0.021,3.16M
2018-08-29 10:31:12,1217.HK,0.019,0.025,0.019,0.021,3.16M
2018-08-29 10:31:15,1217.HK,0.019,0.025,0.019,0.021,3.16M
2018-08-29 10:31:26,1217.HK,0.019,0.025,0.019,0.021,3.16M
2018-08-29 10:31:29,1217.HK,0.019,0.025,0.019,0.021,3.16M
2018-08-29 10:31:31,1217.HK,0.019,0.025,0.019,0.021,3.16M
2018-08-29 10:31:36,1217.HK,0.019,0.025,0.019,0.021,3.16M
2018-08-29 10:31:40,1217.HK,0.019,0.025,0.019,0.021,3.16M
2018-08-29 10:31:43,1217.HK,0.019,0.025,0.019,0.021,3.16M
2018-08-29 10:31:48,1217.HK,0.019,0.025,0.019,0.021,3.16M
2018-08-29 10:31:53,1217.HK,0.019,0.025,0.019,0.021,3.16M
2018-08-29 10:32:08,1217.HK,0.019,0.025,0.019,0.021,3.16M
2018-08-29 10:32:14,1217.HK,0.019,0.025,0.019,0.021,3.16M
2018-08-29 10:32:21,1217.HK,0.019,0.025,0.019,0.021,3.16M
2018-08-29 10:32:24,1217.HK,0.019,0.025,0.019,0.021,3.16M
2018-08-29 10:32:26,1217.HK,0.019,0.025,0.019,0.021,3.16M
2018-08-29 10:32:32,1217.HK,0.019,0.025,0.019,0.021,3.16M
2018-08-29 10:32:36,1217.HK,0.019,0.025,0.019,0.021,3.16M
2018-08-29 10:32:39,1217.HK,0.019,0.025,0.019,0.021,3.16M
2018-08-29 10:32:42,1217.HK,0.019,0.025,0.019,0.021,3.16M
2018-08-29 10:32:44,1217.HK,0.019,0.025,0.019,0.021,3.16M
2018-08-29 10:32:47,1217.HK,0.019,0.025,0.019,0.021,3.16M
2018-08-29 10:32:49,1217.HK,0.019,0.025,0.019,0.021,3.16M
2018-08-29 10:32:52,1217.HK,0.019,0.025,0.019,0.021,3.16M
2018-08-29 10:32:56,1217.HK,0.019,0.025,0.019,0.021,3.16M
2018-08-29 10:33:01,1217.HK,0.019,0.025,0.019,0.021,3.16M
2018-08-29 10:33:05,1217.HK,0.019,0.025,0.019,0.021,3.16M
2018-08-29 10:33:12,1217.HK,0.019,0.025,0.019,0.021,3.16M
2018-08-29 10:33:15,1217.HK,0.019,0.025,0.019,0.021,3.16M
2018-08-29 10:33:18,1217.HK,0.019,0.025,0.019,0.021,3.16M
2018-08-29 10:33:21,1217.HK,0.019,0.025,0.019,0.021,3.16M
2018-08-29 10:33:23,1217.HK,0.019,0.025,0.019,0.021,3.16M
2018-08-29 10:33:26,1217.HK,0.019,0.025,0.019,0.021,3.16M
2018-08-29 10:33:27,1217.HK,0.019,0.025,0.019,0.021,3.16M
2018-08-29 10:33:30,1217.HK,0.019,0.025,0.019,0.021,3.16M
2018-08-29 10:33:33,1217.HK,0.019,0.025,0.019,0.021,3.16M
2018-08-29 10:33:35,1217.HK,0.019,0.025,0.019,0.021,3.16M
2018-08-29 10:33:38,1217.HK,0.019,0.025,0.019,0.021,3.16M
2018-08-29 10:33:40,1217.HK,0.019,0.025,0.019,0.021,3.16M
2018-08-29 10:33:46,1217.HK,0.019,0.025,0.019,0.021,3.16M
2018-08-29 10:33:48,1217.HK,0.019,0.025,0.019,0.021,3.16M
2018-08-29 10:33:52,1217.HK,0.019,0.025,0.019,0.021,3.16M
2018-08-29 10:33:54,1217.HK,0.019,0.025,0.019,0.021,3.16M
2018-08-29 10:34:03,1217.HK,0.019,0.025,0.019,0.021,3.16M
2018-08-29 10:34:06,1217.HK,0.019,0.025,0.019,0.021,3.16M
2018-08-29 10:34:14,1217.HK,0.019,0.025,0.019,0.021,3.16M
2018-08-29 10:34:17,1217.HK,0.019,0.025,0.019,0.021,3.16M
2018-08-29 10:34:19,1217.HK,0.019,0.025,0.019,0.021,3.16M
2018-08-29 10:34:23,1217.HK,0.019,0.025,0.019,0.021,3.16M
2018-08-29 10:34:26,1217.HK,0.019,0.025,0.019,0.021,3.16M
2018-08-29 10:34:30,1217.HK,0.019,0.025,0.019,0.021,3.16M
2018-08-29 10:34:34,1217.HK,0.019,0.025,0.019,0.021,3.16M
2018-08-29 10:34:37,1217.HK,0.019,0.025,0.019,0.021,3.16M
2018-08-29 10:34:40,1217.HK,0.019,0.025,0.019,0.021,3.16M
2018-08-29 10:34:42,1217.HK,0.019,0.025,0.019,0.021,3.16M
2018-08-29 10:34:45,1217.HK,0.019,0.025,0.019,0.021,3.16M
2018-08-29 10:34:47,1217.HK,0.019,0.025,0.019,0.021,3.16M
2018-08-29 10:34:50,1217.HK,0.019,0.025,0.019,0.021,3.16M
2018-08-29 10:34:52,1217.HK,0.019,0.025,0.019,0.021,3.16M
2018-08-29 10:34:55,1217.HK,0.019,0.025,0.019,0.021,3.16M
2018-08-29 10:34:57,1217.HK,0.019,0.025,0.019,0.021,3.16M
2018-08-29 10:35:00,1217.HK,0.019,0.025,0.019,0.021,3.16M
2018-08-29 10:35:02,1217.HK,0.019,0.025,0.019,0.021,3.16M
2018-08-29 10:35:05,1217.HK,0.019,0.025,0.019,0.021,3.16M
2018-08-29 10:35:07,1217.HK,0.019,0.025,0.019,0.021,3.16M
2018-08-29 10:35:11,1217.HK,0.019,0.025,0.019,0.021,3.16M
2018-08-29 10:35:13,1217.HK,0.019,0.025,0.019,0.021,3.16M
2018-08-29 10:35:16,1217.HK,0.019,0.025,0.019,0.021,3.16M
2018-08-29 10:35:20,1217.HK,0.019,0.025,0.019,0.021,3.16M
2018-08-29 10:35:25,1217.HK,0.019,0.025,0.019,0.021,3.16M
2018-08-29 10:35:27,1217.HK,0.019,0.025,0.019,0.021,3.16M
2018-08-29 10:35:30,1217.HK,0.019,0.025,0.019,0.021,3.16M
2018-08-29 10:35:33,1217.HK,0.019,0.025,0.019,0.021,3.16M
2018-08-29 10:35:34,1217.HK,0.019,0.025,0.019,0.021,3.16M
2018-08-29 10:35:37,1217.HK,0.019,0.025,0.019,0.021,3.16M
2018-08-29 10:35:39,1217.HK,0.019,0.025,0.019,0.021,3.16M
2018-08-29 10:35:42,1217.HK,0.019,0.025,0.019,0.021,3.16M
2018-08-29 10:35:44,1217.HK,0.019,0.025,0.019,0.021,3.16M
2018-08-29 10:35:48,1217.HK,0.019,0.025,0.019,0.021,3.16M
2018-08-29 10:35:50,1217.HK,0.019,0.025,0.019,0.021,3.16M
2018-08-29 10:35:55,1217.HK,0.019,0.025,0.019,0.021,3.16M
2018-08-29 10:36:01,1217.HK,0.019,0.025,0.019,0.021,3.16M
2018-08-29 10:36:11,1217.HK,0.019,0.025,0.019,0.021,3.16M
2018-08-29 10:36:20,1217.HK,0.019,0.025,0.019,0.021,3.16M
2018-08-29 10:36:23,1217.HK,0.019,0.025,0.019,0.021,3.16M
2018-08-29 10:36:28,1217.HK,0.019,0.025,0.019,0.021,3.16M
2018-08-29 10:36:31,1217.HK,0.019,0.025,0.019,0.021,3.16M
2018-08-29 10:36:34,1217.HK,0.019,0.025,0.019,0.021,3.16M
2018-08-29 10:36:38,1217.HK,0.019,0.025,0.019,0.021,3.16M
2018-08-29 10:36:40,1217.HK,0.019,0.025,0.019,0.021,3.16M
2018-08-29 10:36:45,1217.HK,0.019,0.025,0.019,0.021,3.16M
2018-08-29 10:36:48,1217.HK,0.019,0.025,0.019,0.021,3.16M
2018-08-29 10:36:51,1217.HK,0.019,0.025,0.019,0.021,3.16M
2018-08-29 10:36:53,1217.HK,0.019,0.025,0.019,0.021,3.16M
2018-08-29 10:36:57,1217.HK,0.019,0.025,0.019,0.021,3.16M
2018-08-29 10:37:00,1217.HK,0.019,0.025,0.019,0.021,3.16M
2018-08-29 10:37:02,1217.HK,0.019,0.025,0.019,0.021,3.16M
2018-08-29 10:37:05,1217.HK,0.019,0.025,0.019,0.021,3.16M
2018-08-29 10:37:10,1217.HK,0.019,0.025,0.019,0.021,3.16M
2018-08-29 10:37:13,1217.HK,0.019,0.025,0.019,0.021,3.16M
2018-08-29 10:37:16,1217.HK,0.019,0.025,0.019,0.021,3.16M
2018-08-29 10:37:19,1217.HK,0.019,0.025,0.019,0.021,3.16M
2018-08-29 10:37:21,1217.HK,0.019,0.025,0.019,0.021,3.16M
2018-08-29 10:37:24,1217.HK,0.019,0.025,0.019,0.021,3.16M
2018-08-29 10:37:28,1217.HK,0.019,0.025,0.019,0.021,3.16M
2018-08-29 10:37:31,1217.HK,0.019,0.025,0.019,0.021,3.16M
2018-08-29 10:37:33,1217.HK,0.019,0.025,0.019,0.021,3.16M
2018-08-29 10:37:36,1217.HK,0.019,0.025,0.019,0.021,3.16M
2018-08-29 10:37:39,1217.HK,0.019,0.025,0.019,0.021,3.16M
2018-08-29 10:37:42,1217.HK,0.019,0.025,0.019,0.021,3.16M
2018-08-29 10:37:46,1217.HK,0.019,0.025,0.019,0.021,3.16M
2018-08-29 10:37:50,1217.HK,0.019,0.025,0.019,0.021,3.16M
2018-08-29 10:37:53,1217.HK,0.019,0.025,0.019,0.021,3.16M
2018-08-29 10:37:55,1217.HK,0.019,0.025,0.019,0.021,3.16M
2018-08-29 10:38:05,1217.HK,0.019,0.025,0.019,0.021,3.16M
2018-08-29 10:38:13,1217.HK,0.019,0.025,0.019,0.021,3.16M
2018-08-29 10:38:16,1217.HK,0.019,0.025,0.019,0.021,3.16M
2018-08-29 10:38:18,1217.HK,0.019,0.025,0.019,0.021,3.16M
2018-08-29 10:38:27,1217.HK,0.019,0.025,0.019,0.021,3.16M
2018-08-29 10:38:31,1217.HK,0.019,0.025,0.019,0.021,3.16M
2018-08-29 10:38:34,1217.HK,0.019,0.025,0.019,0.021,3.16M
2018-08-29 10:38:37,1217.HK,0.019,0.025,0.019,0.021,3.16M
2018-08-29 10:38:39,1217.HK,0.019,0.025,0.019,0.021,3.16M
2018-08-29 10:38:44,1217.HK,0.019,0.025,0.019,0.021,3.16M
2018-08-29 10:38:47,1217.HK,0.019,0.025,0.019,0.021,3.16M
2018-08-29 10:38:50,1217.HK,0.019,0.025,0.019,0.021,3.16M
2018-08-29 10:38:54,1217.HK,0.019,0.025,0.019,0.021,3.16M
2018-08-29 10:38:56,1217.HK,0.019,0.025,0.019,0.021,3.16M
2018-08-29 10:39:00,1217.HK,0.019,0.025,0.019,0.021,3.16M
2018-08-29 10:39:03,1217.HK,0.019,0.025,0.019,0.021,3.16M
2018-08-29 10:39:12,1217.HK,0.019,0.025,0.019,0.021,3.16M
2018-08-29 10:39:15,1217.HK,0.019,0.025,0.019,0.021,3.16M
2018-08-29 10:39:17,1217.HK,0.019,0.025,0.019,0.021,3.16M
2018-08-29 10:39:24,1217.HK,0.019,0.025,0.019,0.021,3.16M
2018-08-29 10:39:27,1217.HK,0.019,0.025,0.019,0.021,3.16M
2018-08-29 10:39:29,1217.HK,0.019,0.025,0.019,0.021,3.16M
2018-08-29 10:39:32,1217.HK,0.019,0.025,0.019,0.021,3.16M
2018-08-29 10:39:34,1217.HK,0.019,0.025,0.019,0.021,3.16M
2018-08-29 10:39:38,1217.HK,0.019,0.025,0.019,0.021,3.16M
2018-08-29 10:39:41,1217.HK,0.019,0.025,0.019,0.021,3.16M
2018-08-29 10:39:43,1217.HK,0.019,0.025,0.019,0.021,3.16M
2018-08-29 10:39:46,1217.HK,0.019,0.025,0.019,0.021,3.16M
2018-08-29 10:39:51,1217.HK,0.019,0.025,0.019,0.021,3.16M
2018-08-29 10:40:05,1217.HK,0.019,0.025,0.019,0.021,3.16M
2018-08-29 10:40:08,1217.HK,0.019,0.025,0.019,0.021,3.16M
2018-08-29 10:40:20,1217.HK,0.019,0.025,0.019,0.021,3.16M
2018-08-29 10:40:23,1217.HK,0.019,0.025,0.019,0.021,3.16M
2018-08-29 10:40:29,1217.HK,0.019,0.025,0.019,0.021,3.16M
2018-08-29 10:40:35,1217.HK,0.019,0.025,0.019,0.021,3.16M
2018-08-29 10:40:37,1217.HK,0.019,0.025,0.019,0.021,3.16M
2018-08-29 10:40:40,1217.HK,0.019,0.025,0.019,0.021,3.16M
2018-08-29 10:40:43,1217.HK,0.019,0.025,0.019,0.021,3.16M
2018-08-29 10:40:46,1217.HK,0.019,0.025,0.019,0.021,3.16M
2018-08-29 10:40:50,1217.HK,0.019,0.025,0.019,0.021,3.16M
2018-08-29 10:40:54,1217.HK,0.019,0.025,0.019,0.021,3.16M
2018-08-29 10:40:57,1217.HK,0.019,0.025,0.019,0.021,3.16M
2018-08-29 10:41:02,1217.HK,0.019,0.025,0.019,0.021,3.16M
2018-08-29 10:41:05,1217.HK,0.019,0.025,0.019,0.021,3.16M
2018-08-29 10:41:08,1217.HK,0.019,0.025,0.019,0.021,3.16M
2018-08-29 10:41:14,1217.HK,0.019,0.025,0.019,0.021,3.16M
2018-08-29 10:41:19,1217.HK,0.019,0.025,0.019,0.021,3.16M
2018-08-29 10:41:22,1217.HK,0.019,0.025,0.019,0.021,3.16M
2018-08-29 10:41:24,1217.HK,0.019,0.025,0.019,0.021,3.16M
2018-08-29 10:41:27,1217.HK,0.019,0.025,0.019,0.021,3.16M
2018-08-29 10:41:30,1217.HK,0.019,0.025,0.019,0.021,3.16M
2018-08-29 10:41:32,1217.HK,0.019,0.025,0.019,0.021,3.16M
2018-08-29 10:41:35,1217.HK,0.019,0.025,0.019,0.021,3.16M
2018-08-29 10:41:38,1217.HK,0.019,0.025,0.019,0.021,3.16M
2018-08-29 10:41:41,1217.HK,0.019,0.025,0.019,0.021,3.16M
2018-08-29 10:41:44,1217.HK,0.019,0.025,0.019,0.021,3.16M
2018-08-29 10:41:46,1217.HK,0.019,0.025,0.019,0.021,3.16M
2018-08-29 10:41:49,1217.HK,0.019,0.025,0.019,0.021,3.16M
2018-08-29 10:41:51,1217.HK,0.019,0.025,0.019,0.021,3.16M
2018-08-29 10:41:56,1217.HK,0.019,0.025,0.019,0.021,3.16M
2018-08-29 10:42:06,1217.HK,0.019,0.025,0.019,0.021,3.16M
2018-08-29 10:42:14,1217.HK,0.019,0.025,0.019,0.021,3.16M
2018-08-29 10:42:21,1217.HK,0.019,0.025,0.019,0.021,3.16M
2018-08-29 10:42:25,1217.HK,0.019,0.025,0.019,0.021,3.16M
2018-08-29 10:42:28,1217.HK,0.019,0.025,0.019,0.021,3.16M
2018-08-29 10:42:31,1217.HK,0.019,0.025,0.019,0.021,3.16M
2018-08-29 10:42:33,1217.HK,0.019,0.025,0.019,0.021,3.16M
2018-08-29 10:42:36,1217.HK,0.019,0.025,0.019,0.021,3.16M
2018-08-29 10:42:38,1217.HK,0.019,0.025,0.019,0.021,3.16M
2018-08-29 10:42:41,1217.HK,0.019,0.025,0.019,0.021,3.20M
2018-08-29 10:42:43,1217.HK,0.019,0.025,0.019,0.021,3.20M
2018-08-29 10:42:47,1217.HK,0.019,0.025,0.019,0.021,3.20M
2018-08-29 10:42:50,1217.HK,0.019,0.025,0.019,0.021,3.20M
2018-08-29 10:42:54,1217.HK,0.019,0.025,0.019,0.021,3.20M
2018-08-29 10:42:57,1217.HK,0.019,0.025,0.019,0.021,3.20M
2018-08-29 10:43:01,1217.HK,0.019,0.025,0.019,0.021,3.20M
2018-08-29 10:43:05,1217.HK,0.019,0.025,0.019,0.021,3.20M
2018-08-29 10:43:10,1217.HK,0.019,0.025,0.019,0.021,3.20M
2018-08-29 10:43:13,1217.HK,0.019,0.025,0.019,0.021,3.20M
2018-08-29 10:43:15,1217.HK,0.019,0.025,0.019,0.021,3.20M
2018-08-29 10:43:18,1217.HK,0.019,0.025,0.019,0.021,3.20M
2018-08-29 10:43:20,1217.HK,0.019,0.025,0.019,0.021,3.20M
2018-08-29 10:43:23,1217.HK,0.019,0.025,0.019,0.021,3.20M
2018-08-29 10:43:24,1217.HK,0.019,0.025,0.019,0.021,3.20M
2018-08-29 10:43:27,1217.HK,0.019,0.025,0.019,0.021,3.20M
2018-08-29 10:43:29,1217.HK,0.019,0.025,0.019,0.021,3.20M
2018-08-29 10:43:32,1217.HK,0.019,0.025,0.019,0.021,3.20M
2018-08-29 10:43:35,1217.HK,0.019,0.025,0.019,0.021,3.20M
2018-08-29 10:43:37,1217.HK,0.019,0.025,0.019,0.021,3.20M
2018-08-29 10:43:41,1217.HK,0.019,0.025,0.019,0.021,3.20M
2018-08-29 10:43:43,1217.HK,0.019,0.025,0.019,0.021,3.20M
2018-08-29 10:43:46,1217.HK,0.019,0.025,0.019,0.021,3.20M
2018-08-29 10:43:49,1217.HK,0.019,0.025,0.019,0.021,3.20M
2018-08-29 10:43:52,1217.HK,0.019,0.025,0.019,0.021,3.20M
2018-08-29 10:43:58,1217.HK,0.019,0.025,0.019,0.021,3.20M
2018-08-29 10:44:11,1217.HK,0.019,0.025,0.019,0.021,3.20M
2018-08-29 10:44:17,1217.HK,0.019,0.025,0.019,0.021,3.20M
2018-08-29 10:44:20,1217.HK,0.019,0.025,0.019,0.021,3.20M
2018-08-29 10:44:22,1217.HK,0.019,0.025,0.019,0.021,3.20M
2018-08-29 10:44:26,1217.HK,0.019,0.025,0.019,0.021,3.20M
2018-08-29 10:44:28,1217.HK,0.019,0.025,0.019,0.021,3.20M
2018-08-29 10:44:32,1217.HK,0.019,0.025,0.019,0.021,3.20M
2018-08-29 10:44:34,1217.HK,0.019,0.025,0.019,0.021,3.20M
2018-08-29 10:44:37,1217.HK,0.019,0.025,0.019,0.021,3.20M
2018-08-29 10:44:40,1217.HK,0.019,0.025,0.019,0.021,3.20M
2018-08-29 10:44:43,1217.HK,0.019,0.025,0.019,0.021,3.20M
2018-08-29 10:44:45,1217.HK,0.019,0.025,0.019,0.021,3.20M
2018-08-29 10:44:49,1217.HK,0.019,0.025,0.019,0.021,3.20M
2018-08-29 10:44:52,1217.HK,0.019,0.025,0.019,0.021,3.20M
2018-08-29 10:44:54,1217.HK,0.019,0.025,0.019,0.021,3.20M
2018-08-29 10:44:58,1217.HK,0.019,0.025,0.019,0.021,3.20M
2018-08-29 10:45:00,1217.HK,0.019,0.025,0.019,0.021,3.20M
2018-08-29 10:45:03,1217.HK,0.019,0.025,0.019,0.021,3.20M
2018-08-29 10:45:06,1217.HK,0.019,0.025,0.019,0.021,3.20M
2018-08-29 10:45:08,1217.HK,0.019,0.025,0.019,0.021,3.20M
2018-08-29 10:45:13,1217.HK,0.019,0.025,0.019,0.021,3.20M
2018-08-29 10:45:18,1217.HK,0.019,0.025,0.019,0.021,3.20M
2018-08-29 10:45:21,1217.HK,0.019,0.025,0.019,0.021,3.20M
2018-08-29 10:45:23,1217.HK,0.019,0.025,0.019,0.021,3.20M
2018-08-29 10:45:27,1217.HK,0.019,0.025,0.019,0.021,3.20M
2018-08-29 10:45:29,1217.HK,0.019,0.025,0.019,0.021,3.20M
2018-08-29 10:45:31,1217.HK,0.019,0.025,0.019,0.021,3.20M
2018-08-29 10:45:34,1217.HK,0.019,0.025,0.019,0.021,3.20M
2018-08-29 10:45:37,1217.HK,0.019,0.025,0.019,0.021,3.20M
2018-08-29 10:45:41,1217.HK,0.019,0.025,0.019,0.021,3.20M
2018-08-29 10:45:45,1217.HK,0.019,0.025,0.019,0.021,3.20M
2018-08-29 10:45:52,1217.HK,0.019,0.025,0.019,0.021,3.20M
2018-08-29 10:45:58,1217.HK,0.019,0.025,0.019,0.021,3.24M
2018-08-29 10:46:02,1217.HK,0.019,0.025,0.019,0.021,3.24M
2018-08-29 10:46:06,1217.HK,0.019,0.025,0.019,0.021,3.24M
2018-08-29 10:46:08,1217.HK,0.019,0.025,0.019,0.021,3.24M
2018-08-29 10:46:13,1217.HK,0.019,0.025,0.019,0.021,3.24M
2018-08-29 10:46:17,1217.HK,0.019,0.025,0.019,0.021,3.24M
2018-08-29 10:46:20,1217.HK,0.019,0.025,0.019,0.021,3.24M
2018-08-29 10:46:23,1217.HK,0.019,0.025,0.019,0.021,3.24M
2018-08-29 10:46:26,1217.HK,0.019,0.025,0.019,0.021,3.24M
2018-08-29 10:46:29,1217.HK,0.019,0.025,0.019,0.021,3.24M
2018-08-29 10:46:32,1217.HK,0.019,0.025,0.019,0.021,3.24M
2018-08-29 10:46:35,1217.HK,0.019,0.025,0.019,0.021,3.24M
2018-08-29 10:46:37,1217.HK,0.019,0.025,0.019,0.021,3.24M
2018-08-29 10:46:40,1217.HK,0.019,0.025,0.019,0.021,3.24M
2018-08-29 10:46:43,1217.HK,0.019,0.025,0.019,0.021,3.24M
2018-08-29 10:46:46,1217.HK,0.019,0.025,0.019,0.021,3.24M
2018-08-29 10:46:50,1217.HK,0.019,0.025,0.019,0.021,3.24M
2018-08-29 10:46:53,1217.HK,0.019,0.025,0.019,0.021,3.24M
2018-08-29 10:46:57,1217.HK,0.019,0.025,0.019,0.021,3.24M
2018-08-29 10:46:59,1217.HK,0.019,0.025,0.019,0.021,3.24M
2018-08-29 10:47:02,1217.HK,0.019,0.025,0.019,0.021,3.24M
2018-08-29 10:47:09,1217.HK,0.019,0.025,0.019,0.021,3.24M
2018-08-29 10:47:14,1217.HK,0.019,0.025,0.019,0.021,3.24M
2018-08-29 10:47:20,1217.HK,0.019,0.025,0.019,0.021,3.24M
2018-08-29 10:47:24,1217.HK,0.019,0.025,0.019,0.021,3.24M
2018-08-29 10:47:30,1217.HK,0.019,0.025,0.019,0.021,3.24M
2018-08-29 10:47:35,1217.HK,0.019,0.025,0.019,0.021,3.24M
2018-08-29 10:47:43,1217.HK,0.019,0.025,0.019,0.021,3.24M
2018-08-29 10:47:46,1217.HK,0.019,0.025,0.019,0.021,3.24M
2018-08-29 10:47:48,1217.HK,0.019,0.025,0.019,0.021,3.24M
2018-08-29 10:48:01,1217.HK,0.019,0.025,0.019,0.021,3.24M
2018-08-29 10:48:11,1217.HK,0.019,0.025,0.019,0.021,3.24M
2018-08-29 10:48:19,1217.HK,0.019,0.025,0.019,0.021,3.24M
2018-08-29 10:48:23,1217.HK,0.019,0.025,0.019,0.021,3.24M
2018-08-29 10:48:26,1217.HK,0.019,0.025,0.019,0.021,3.24M
2018-08-29 10:48:29,1217.HK,0.019,0.025,0.019,0.021,3.24M
2018-08-29 10:48:32,1217.HK,0.019,0.025,0.019,0.021,3.24M
2018-08-29 10:48:35,1217.HK,0.019,0.025,0.019,0.021,3.24M
2018-08-29 10:48:38,1217.HK,0.019,0.025,0.019,0.021,3.24M
2018-08-29 10:48:41,1217.HK,0.019,0.025,0.019,0.021,3.24M
2018-08-29 10:48:44,1217.HK,0.019,0.025,0.019,0.021,3.24M
2018-08-29 10:48:48,1217.HK,0.019,0.025,0.019,0.021,3.24M
2018-08-29 10:48:51,1217.HK,0.019,0.025,0.019,0.021,3.24M
2018-08-29 10:48:54,1217.HK,0.019,0.025,0.019,0.021,3.24M
2018-08-29 10:48:56,1217.HK,0.019,0.025,0.019,0.021,3.24M
2018-08-29 10:49:03,1217.HK,0.019,0.025,0.019,0.021,3.24M
2018-08-29 10:49:08,1217.HK,0.019,0.025,0.019,0.021,3.24M
2018-08-29 10:49:14,1217.HK,0.019,0.025,0.019,0.021,3.24M
2018-08-29 10:49:17,1217.HK,0.019,0.025,0.019,0.021,3.24M
2018-08-29 10:49:20,1217.HK,0.019,0.025,0.019,0.021,3.24M
2018-08-29 10:49:23,1217.HK,0.019,0.025,0.019,0.021,3.24M
2018-08-29 10:49:25,1217.HK,0.019,0.025,0.019,0.021,3.24M
2018-08-29 10:49:29,1217.HK,0.019,0.025,0.019,0.021,3.24M
2018-08-29 10:49:32,1217.HK,0.019,0.025,0.019,0.021,3.24M
2018-08-29 10:49:36,1217.HK,0.019,0.025,0.019,0.021,3.24M
2018-08-29 10:49:40,1217.HK,0.019,0.025,0.019,0.021,3.24M
2018-08-29 10:49:43,1217.HK,0.019,0.025,0.019,0.021,3.24M
2018-08-29 10:49:48,1217.HK,0.019,0.025,0.019,0.021,3.24M
2018-08-29 10:49:51,1217.HK,0.019,0.025,0.019,0.021,3.24M
2018-08-29 10:50:02,1217.HK,0.019,0.025,0.019,0.021,3.24M
2018-08-29 10:50:08,1217.HK,0.019,0.025,0.019,0.021,3.24M
2018-08-29 10:50:17,1217.HK,0.019,0.025,0.019,0.021,3.24M
2018-08-29 10:50:24,1217.HK,0.019,0.025,0.019,0.021,3.24M
2018-08-29 10:50:28,1217.HK,0.019,0.025,0.019,0.021,3.24M
2018-08-29 10:50:31,1217.HK,0.019,0.025,0.019,0.021,3.24M
2018-08-29 10:50:42,1217.HK,0.019,0.025,0.019,0.021,3.24M
2018-08-29 10:50:50,1217.HK,0.019,0.025,0.019,0.021,3.24M
2018-08-29 10:50:53,1217.HK,0.019,0.025,0.019,0.021,3.24M
2018-08-29 10:50:56,1217.HK,0.019,0.025,0.019,0.021,3.24M
2018-08-29 10:51:03,1217.HK,0.019,0.025,0.019,0.021,3.24M
2018-08-29 10:51:12,1217.HK,0.019,0.025,0.019,0.021,3.24M
2018-08-29 10:51:17,1217.HK,0.019,0.025,0.019,0.021,3.24M
2018-08-29 10:51:21,1217.HK,0.019,0.025,0.019,0.021,3.24M
2018-08-29 10:51:24,1217.HK,0.019,0.025,0.019,0.021,3.24M
2018-08-29 10:51:27,1217.HK,0.019,0.025,0.019,0.021,3.24M
2018-08-29 10:51:33,1217.HK,0.019,0.025,0.019,0.021,3.24M
2018-08-29 10:51:41,1217.HK,0.019,0.025,0.019,0.021,3.24M
2018-08-29 10:51:45,1217.HK,0.019,0.025,0.019,0.021,3.24M
2018-08-29 10:51:51,1217.HK,0.019,0.025,0.019,0.021,3.24M
2018-08-29 10:51:56,1217.HK,0.019,0.025,0.019,0.021,3.24M
2018-08-29 10:52:03,1217.HK,0.019,0.025,0.019,0.021,3.24M
2018-08-29 10:52:09,1217.HK,0.019,0.025,0.019,0.021,3.24M
2018-08-29 10:52:19,1217.HK,0.019,0.025,0.019,0.021,3.24M
2018-08-29 10:52:23,1217.HK,0.019,0.025,0.019,0.021,3.24M
2018-08-29 10:52:28,1217.HK,0.019,0.025,0.019,0.021,3.24M
2018-08-29 10:52:32,1217.HK,0.019,0.025,0.019,0.021,3.24M
2018-08-29 10:52:35,1217.HK,0.019,0.025,0.019,0.021,3.24M
2018-08-29 10:52:38,1217.HK,0.019,0.025,0.019,0.021,3.24M
2018-08-29 10:52:42,1217.HK,0.019,0.025,0.019,0.021,3.24M
2018-08-29 10:52:47,1217.HK,0.019,0.025,0.019,0.021,3.24M
2018-08-29 10:52:53,1217.HK,0.019,0.025,0.019,0.021,3.24M
2018-08-29 10:52:58,1217.HK,0.019,0.025,0.019,0.021,3.24M
2018-08-29 10:53:01,1217.HK,0.019,0.025,0.019,0.021,3.24M
2018-08-29 10:53:04,1217.HK,0.019,0.025,0.019,0.021,3.24M
2018-08-29 10:53:12,1217.HK,0.019,0.025,0.019,0.021,3.24M
2018-08-29 10:53:16,1217.HK,0.019,0.025,0.019,0.021,3.24M
2018-08-29 10:53:19,1217.HK,0.019,0.025,0.019,0.021,3.24M
2018-08-29 10:53:28,1217.HK,0.019,0.025,0.019,0.021,3.24M
2018-08-29 10:53:32,1217.HK,0.019,0.025,0.019,0.021,3.24M
2018-08-29 10:53:35,1217.HK,0.019,0.025,0.019,0.021,3.24M
2018-08-29 10:53:39,1217.HK,0.019,0.025,0.019,0.021,3.24M
2018-08-29 10:53:42,1217.HK,0.019,0.025,0.019,0.021,3.24M
2018-08-29 10:53:46,1217.HK,0.019,0.025,0.019,0.021,3.24M
2018-08-29 10:53:49,1217.HK,0.019,0.025,0.019,0.021,3.24M
2018-08-29 10:53:54,1217.HK,0.019,0.025,0.019,0.021,3.24M
2018-08-29 10:53:59,1217.HK,0.019,0.025,0.019,0.021,3.24M
2018-08-29 10:54:09,1217.HK,0.019,0.025,0.019,0.021,3.24M
2018-08-29 10:54:19,1217.HK,0.019,0.025,0.019,0.021,3.24M
2018-08-29 10:54:25,1217.HK,0.019,0.025,0.019,0.021,3.24M
2018-08-29 10:54:29,1217.HK,0.019,0.025,0.019,0.021,3.24M
2018-08-29 10:54:32,1217.HK,0.019,0.025,0.019,0.021,3.24M
2018-08-29 10:54:34,1217.HK,0.019,0.025,0.019,0.021,3.24M
2018-08-29 10:54:37,1217.HK,0.019,0.025,0.019,0.021,3.24M
2018-08-29 10:54:40,1217.HK,0.019,0.025,0.019,0.021,3.24M
2018-08-29 10:54:43,1217.HK,0.019,0.025,0.019,0.021,3.24M
2018-08-29 10:54:46,1217.HK,0.019,0.025,0.019,0.021,3.24M
2018-08-29 10:54:50,1217.HK,0.019,0.025,0.019,0.021,3.24M
2018-08-29 10:54:53,1217.HK,0.019,0.025,0.019,0.021,3.24M
2018-08-29 10:54:58,1217.HK,0.019,0.025,0.019,0.021,3.24M
2018-08-29 10:55:01,1217.HK,0.019,0.025,0.019,0.021,3.24M
2018-08-29 10:55:04,1217.HK,0.019,0.025,0.019,0.021,3.24M
2018-08-29 10:55:10,1217.HK,0.019,0.025,0.019,0.021,3.24M
2018-08-29 10:55:17,1217.HK,0.019,0.025,0.019,0.021,3.24M
2018-08-29 10:55:23,1217.HK,0.019,0.025,0.019,0.021,3.24M
2018-08-29 10:55:29,1217.HK,0.019,0.025,0.019,0.021,3.24M
2018-08-29 10:55:32,1217.HK,0.019,0.025,0.019,0.021,3.24M
2018-08-29 10:55:38,1217.HK,0.019,0.025,0.019,0.021,3.24M
2018-08-29 10:55:41,1217.HK,0.019,0.025,0.019,0.021,3.24M
2018-08-29 10:55:43,1217.HK,0.019,0.025,0.019,0.021,3.24M
2018-08-29 10:55:47,1217.HK,0.019,0.025,0.019,0.021,3.24M
2018-08-29 10:55:50,1217.HK,0.019,0.025,0.019,0.021,3.24M
2018-08-29 10:55:56,1217.HK,0.019,0.025,0.019,0.021,3.24M
2018-08-29 10:56:00,1217.HK,0.019,0.025,0.019,0.021,3.24M
2018-08-29 10:56:05,1217.HK,0.019,0.025,0.019,0.021,3.24M
2018-08-29 10:56:13,1217.HK,0.019,0.025,0.019,0.021,3.24M
2018-08-29 10:56:16,1217.HK,0.019,0.025,0.019,0.021,3.24M
2018-08-29 10:56:19,1217.HK,0.019,0.025,0.019,0.021,3.24M
2018-08-29 10:56:22,1217.HK,0.019,0.025,0.019,0.021,3.24M
2018-08-29 10:56:25,1217.HK,0.019,0.025,0.019,0.021,3.24M
2018-08-29 10:56:28,1217.HK,0.019,0.025,0.019,0.021,3.24M
2018-08-29 10:56:31,1217.HK,0.019,0.025,0.019,0.021,3.24M
2018-08-29 10:56:34,1217.HK,0.019,0.025,0.019,0.021,3.24M
2018-08-29 10:56:37,1217.HK,0.019,0.025,0.019,0.021,3.24M
2018-08-29 10:56:40,1217.HK,0.019,0.025,0.019,0.021,3.24M
2018-08-29 10:56:44,1217.HK,0.019,0.025,0.019,0.021,3.24M
2018-08-29 10:56:47,1217.HK,0.019,0.025,0.019,0.021,3.24M
2018-08-29 10:56:50,1217.HK,0.019,0.025,0.019,0.021,3.24M
2018-08-29 10:56:53,1217.HK,0.019,0.025,0.019,0.021,3.24M
2018-08-29 10:56:57,1217.HK,0.019,0.025,0.019,0.021,3.24M
2018-08-29 10:57:00,1217.HK,0.019,0.025,0.019,0.021,3.24M
2018-08-29 10:57:03,1217.HK,0.019,0.025,0.019,0.021,3.24M
2018-08-29 10:57:06,1217.HK,0.019,0.025,0.019,0.021,3.24M
2018-08-29 10:57:10,1217.HK,0.019,0.025,0.019,0.021,3.24M
2018-08-29 10:57:13,1217.HK,0.019,0.025,0.019,0.021,3.24M
2018-08-29 10:57:16,1217.HK,0.019,0.025,0.019,0.021,3.24M
2018-08-29 10:57:19,1217.HK,0.019,0.025,0.019,0.021,3.24M
2018-08-29 10:57:23,1217.HK,0.019,0.025,0.019,0.021,3.24M
2018-08-29 10:57:26,1217.HK,0.019,0.025,0.019,0.021,3.24M
2018-08-29 10:57:29,1217.HK,0.019,0.025,0.019,0.021,3.24M
2018-08-29 10:57:33,1217.HK,0.019,0.025,0.019,0.021,3.24M
2018-08-29 10:57:36,1217.HK,0.019,0.025,0.019,0.021,3.24M
2018-08-29 10:57:39,1217.HK,0.019,0.025,0.019,0.021,3.24M
2018-08-29 10:57:44,1217.HK,0.019,0.025,0.019,0.021,3.24M
2018-08-29 10:57:50,1217.HK,0.019,0.025,0.019,0.021,3.24M
2018-08-29 10:57:56,1217.HK,0.019,0.025,0.019,0.021,3.24M
2018-08-29 10:57:59,1217.HK,0.019,0.025,0.019,0.021,3.24M
2018-08-29 10:58:02,1217.HK,0.019,0.025,0.019,0.021,3.24M
2018-08-29 10:58:06,1217.HK,0.019,0.025,0.019,0.021,3.24M
2018-08-29 10:58:15,1217.HK,0.019,0.025,0.019,0.021,3.24M
2018-08-29 10:58:19,1217.HK,0.019,0.025,0.019,0.021,3.24M
2018-08-29 10:58:22,1217.HK,0.019,0.025,0.019,0.021,3.24M
2018-08-29 10:58:26,1217.HK,0.019,0.025,0.019,0.021,3.24M
2018-08-29 10:58:29,1217.HK,0.019,0.025,0.019,0.021,3.24M
2018-08-29 10:58:32,1217.HK,0.019,0.025,0.019,0.021,3.24M
2018-08-29 10:58:35,1217.HK,0.019,0.025,0.019,0.021,3.24M
2018-08-29 10:58:39,1217.HK,0.019,0.025,0.019,0.021,3.24M
2018-08-29 10:58:43,1217.HK,0.019,0.025,0.019,0.021,3.24M
2018-08-29 10:58:48,1217.HK,0.019,0.025,0.019,0.021,3.24M
2018-08-29 10:58:56,1217.HK,0.019,0.025,0.019,0.021,3.24M
2018-08-29 10:58:59,1217.HK,0.019,0.025,0.019,0.021,3.24M
2018-08-29 10:59:02,1217.HK,0.019,0.025,0.019,0.021,3.24M
2018-08-29 10:59:06,1217.HK,0.019,0.025,0.019,0.021,3.24M
2018-08-29 10:59:11,1217.HK,0.019,0.025,0.019,0.021,3.24M
2018-08-29 10:59:15,1217.HK,0.019,0.025,0.019,0.021,3.24M
2018-08-29 10:59:24,1217.HK,0.019,0.025,0.019,0.021,3.24M
2018-08-29 10:59:28,1217.HK,0.019,0.025,0.019,0.021,3.24M
2018-08-29 10:59:32,1217.HK,0.019,0.025,0.019,0.021,3.24M
2018-08-29 10:59:36,1217.HK,0.019,0.025,0.019,0.021,3.24M
2018-08-29 10:59:40,1217.HK,0.019,0.025,0.019,0.021,3.24M
2018-08-29 10:59:44,1217.HK,0.019,0.025,0.019,0.021,3.24M
2018-08-29 10:59:49,1217.HK,0.019,0.025,0.019,0.021,3.24M
2018-08-29 10:59:54,1217.HK,0.019,0.025,0.019,0.021,3.24M
2018-08-29 10:59:57,1217.HK,0.019,0.025,0.019,0.021,3.24M
2018-08-29 11:00:09,1217.HK,0.019,0.025,0.019,0.021,3.24M
2018-08-29 11:00:19,1217.HK,0.019,0.025,0.019,0.021,3.24M
2018-08-29 11:00:23,1217.HK,0.019,0.025,0.019,0.021,3.24M
2018-08-29 11:00:27,1217.HK,0.019,0.025,0.019,0.021,3.24M
2018-08-29 11:00:31,1217.HK,0.019,0.025,0.019,0.021,3.24M
2018-08-29 11:00:34,1217.HK,0.019,0.025,0.019,0.021,3.24M
2018-08-29 11:00:38,1217.HK,0.019,0.025,0.019,0.021,3.24M
2018-08-29 11:00:41,1217.HK,0.019,0.025,0.019,0.021,3.24M
2018-08-29 11:00:45,1217.HK,0.019,0.025,0.019,0.021,3.24M
2018-08-29 11:00:50,1217.HK,0.019,0.025,0.019,0.021,3.24M
2018-08-29 11:00:55,1217.HK,0.019,0.025,0.019,0.021,3.24M
2018-08-29 11:01:00,1217.HK,0.019,0.025,0.019,0.021,3.24M
2018-08-29 11:01:03,1217.HK,0.019,0.025,0.019,0.021,3.24M
2018-08-29 11:01:16,1217.HK,0.019,0.025,0.019,0.021,3.24M
2018-08-29 11:01:29,1217.HK,0.019,0.025,0.019,0.021,3.24M
2018-08-29 11:01:36,1217.HK,0.019,0.025,0.019,0.021,3.24M
2018-08-29 11:01:41,1217.HK,0.019,0.025,0.019,0.021,3.24M
2018-08-29 11:01:49,1217.HK,0.019,0.025,0.019,0.021,3.24M
2018-08-29 11:01:54,1217.HK,0.019,0.025,0.019,0.021,3.24M
2018-08-29 11:01:59,1217.HK,0.019,0.025,0.019,0.021,3.24M
2018-08-29 11:02:15,1217.HK,0.019,0.025,0.019,0.021,3.24M
2018-08-29 11:02:23,1217.HK,0.019,0.025,0.019,0.021,3.24M
2018-08-29 11:02:29,1217.HK,0.019,0.025,0.019,0.021,3.24M
2018-08-29 11:02:33,1217.HK,0.019,0.025,0.019,0.021,3.24M
2018-08-29 11:02:40,1217.HK,0.019,0.025,0.019,0.021,3.24M
2018-08-29 11:02:44,1217.HK,0.019,0.025,0.019,0.021,3.24M
2018-08-29 11:02:47,1217.HK,0.019,0.025,0.019,0.021,3.24M
2018-08-29 11:02:54,1217.HK,0.019,0.025,0.019,0.021,3.24M
2018-08-29 11:02:58,1217.HK,0.019,0.025,0.019,0.021,3.24M
2018-08-29 11:03:02,1217.HK,0.019,0.025,0.019,0.021,3.24M
2018-08-29 11:03:09,1217.HK,0.019,0.025,0.019,0.021,3.24M
2018-08-29 11:03:29,1217.HK,0.019,0.025,0.019,0.021,3.24M
2018-08-29 11:03:34,1217.HK,0.019,0.025,0.019,0.021,3.24M
2018-08-29 11:03:38,1217.HK,0.019,0.025,0.019,0.021,3.24M
2018-08-29 11:03:42,1217.HK,0.019,0.025,0.019,0.021,3.24M
2018-08-29 11:03:46,1217.HK,0.019,0.025,0.019,0.021,3.24M
2018-08-29 11:03:51,1217.HK,0.019,0.025,0.019,0.021,3.24M
2018-08-29 11:03:57,1217.HK,0.019,0.025,0.019,0.021,3.24M
2018-08-29 11:04:11,1217.HK,0.019,0.025,0.019,0.021,3.24M
2018-08-29 11:04:14,1217.HK,0.019,0.025,0.019,0.021,3.24M
2018-08-29 11:04:25,1217.HK,0.019,0.025,0.019,0.021,3.24M
2018-08-29 11:04:32,1217.HK,0.019,0.025,0.019,0.021,3.24M
2018-08-29 11:04:37,1217.HK,0.019,0.025,0.019,0.021,3.24M
2018-08-29 11:04:41,1217.HK,0.019,0.025,0.019,0.021,3.24M
2018-08-29 11:04:45,1217.HK,0.019,0.025,0.019,0.021,3.24M
2018-08-29 11:04:51,1217.HK,0.019,0.025,0.019,0.021,3.24M
2018-08-29 11:04:55,1217.HK,0.019,0.025,0.019,0.021,3.24M
2018-08-29 11:04:59,1217.HK,0.019,0.025,0.019,0.021,3.24M
2018-08-29 11:05:02,1217.HK,0.019,0.025,0.019,0.021,3.24M
2018-08-29 11:05:08,1217.HK,0.019,0.025,0.019,0.021,3.24M
2018-08-29 11:05:20,1217.HK,0.019,0.025,0.019,0.021,3.24M
2018-08-29 11:05:23,1217.HK,0.019,0.025,0.019,0.021,3.24M
2018-08-29 11:05:28,1217.HK,0.019,0.025,0.019,0.021,3.24M
2018-08-29 11:05:33,1217.HK,0.019,0.025,0.019,0.021,3.24M
2018-08-29 11:05:36,1217.HK,0.019,0.025,0.019,0.021,3.24M
2018-08-29 11:05:41,1217.HK,0.019,0.025,0.019,0.021,3.24M
2018-08-29 11:05:45,1217.HK,0.019,0.025,0.019,0.021,3.24M
2018-08-29 11:05:48,1217.HK,0.019,0.025,0.019,0.021,3.24M
2018-08-29 11:05:56,1217.HK,0.019,0.025,0.019,0.021,3.24M
2018-08-29 11:06:00,1217.HK,0.019,0.025,0.019,0.021,3.24M
2018-08-29 11:06:04,1217.HK,0.019,0.025,0.019,0.021,3.24M
2018-08-29 11:06:11,1217.HK,0.019,0.025,0.019,0.021,3.24M
2018-08-29 11:06:15,1217.HK,0.019,0.025,0.019,0.021,3.24M
2018-08-29 11:06:18,1217.HK,0.019,0.025,0.019,0.021,3.24M
2018-08-29 11:06:22,1217.HK,0.019,0.025,0.019,0.021,3.24M
2018-08-29 11:06:26,1217.HK,0.019,0.025,0.019,0.021,3.24M
2018-08-29 11:06:31,1217.HK,0.019,0.025,0.019,0.021,3.24M
2018-08-29 11:06:34,1217.HK,0.019,0.025,0.019,0.021,3.24M
2018-08-29 11:06:38,1217.HK,0.019,0.025,0.019,0.021,3.24M
2018-08-29 11:06:41,1217.HK,0.019,0.025,0.019,0.021,3.24M
2018-08-29 11:06:47,1217.HK,0.019,0.025,0.019,0.021,3.24M
2018-08-29 11:06:54,1217.HK,0.019,0.025,0.019,0.021,3.24M
2018-08-29 11:06:57,1217.HK,0.019,0.025,0.019,0.021,3.24M
2018-08-29 11:07:02,1217.HK,0.019,0.025,0.019,0.021,3.24M
2018-08-29 11:07:05,1217.HK,0.019,0.025,0.019,0.021,3.24M
2018-08-29 11:07:10,1217.HK,0.019,0.025,0.019,0.021,3.24M
2018-08-29 11:07:13,1217.HK,0.019,0.025,0.019,0.021,3.24M
2018-08-29 11:07:18,1217.HK,0.019,0.025,0.019,0.021,3.24M
2018-08-29 11:07:21,1217.HK,0.019,0.025,0.019,0.021,3.24M
2018-08-29 11:07:25,1217.HK,0.019,0.025,0.019,0.021,3.24M
2018-08-29 11:07:29,1217.HK,0.019,0.025,0.019,0.021,3.24M
2018-08-29 11:07:33,1217.HK,0.019,0.025,0.019,0.021,3.24M
2018-08-29 11:07:36,1217.HK,0.019,0.025,0.019,0.021,3.24M
2018-08-29 11:07:41,1217.HK,0.019,0.025,0.019,0.021,3.24M
2018-08-29 11:07:45,1217.HK,0.019,0.025,0.019,0.021,3.24M
2018-08-29 11:07:49,1217.HK,0.019,0.025,0.019,0.021,3.24M
2018-08-29 11:07:55,1217.HK,0.019,0.025,0.019,0.021,3.24M
2018-08-29 11:08:01,1217.HK,0.019,0.025,0.019,0.021,3.24M
2018-08-29 11:08:07,1217.HK,0.019,0.025,0.019,0.021,3.24M
2018-08-29 11:08:10,1217.HK,0.019,0.025,0.019,0.021,3.24M
2018-08-29 11:08:14,1217.HK,0.019,0.025,0.019,0.021,3.24M
2018-08-29 11:08:18,1217.HK,0.019,0.025,0.019,0.021,3.24M
2018-08-29 11:08:22,1217.HK,0.019,0.025,0.019,0.021,3.24M
2018-08-29 11:08:25,1217.HK,0.019,0.025,0.019,0.021,3.24M
2018-08-29 11:08:29,1217.HK,0.019,0.025,0.019,0.021,3.24M
2018-08-29 11:08:33,1217.HK,0.019,0.025,0.019,0.021,3.24M
2018-08-29 11:08:37,1217.HK,0.019,0.025,0.019,0.021,3.24M
2018-08-29 11:08:42,1217.HK,0.019,0.025,0.019,0.021,3.24M
2018-08-29 11:08:46,1217.HK,0.019,0.025,0.019,0.021,3.24M
2018-08-29 11:08:50,1217.HK,0.019,0.025,0.019,0.021,3.24M
2018-08-29 11:08:54,1217.HK,0.019,0.025,0.019,0.021,3.24M
2018-08-29 11:08:58,1217.HK,0.019,0.025,0.019,0.021,3.24M
2018-08-29 11:09:01,1217.HK,0.019,0.025,0.019,0.021,3.24M
2018-08-29 11:09:05,1217.HK,0.019,0.025,0.019,0.021,3.24M
2018-08-29 11:09:09,1217.HK,0.019,0.025,0.019,0.021,3.24M
2018-08-29 11:09:12,1217.HK,0.019,0.025,0.019,0.021,3.24M
2018-08-29 11:09:17,1217.HK,0.019,0.025,0.019,0.021,3.24M
2018-08-29 11:09:23,1217.HK,0.019,0.025,0.019,0.021,3.24M
2018-08-29 11:09:26,1217.HK,0.019,0.025,0.019,0.021,3.24M
2018-08-29 11:09:31,1217.HK,0.019,0.025,0.019,0.021,3.24M
2018-08-29 11:09:34,1217.HK,0.019,0.025,0.019,0.021,3.24M
2018-08-29 11:09:37,1217.HK,0.019,0.025,0.019,0.021,3.24M
2018-08-29 11:09:41,1217.HK,0.019,0.025,0.019,0.021,3.24M
2018-08-29 11:09:45,1217.HK,0.019,0.025,0.019,0.021,3.24M
2018-08-29 11:09:49,1217.HK,0.019,0.025,0.019,0.021,3.24M
2018-08-29 11:09:57,1217.HK,0.019,0.025,0.019,0.021,3.24M
2018-08-29 11:10:03,1217.HK,0.019,0.025,0.019,0.021,3.24M
2018-08-29 11:10:19,1217.HK,0.019,0.025,0.019,0.021,3.24M
2018-08-29 11:10:25,1217.HK,0.019,0.025,0.019,0.021,3.24M
2018-08-29 11:10:30,1217.HK,0.019,0.025,0.019,0.021,3.24M
2018-08-29 11:10:34,1217.HK,0.019,0.025,0.019,0.021,3.24M
2018-08-29 11:10:41,1217.HK,0.019,0.025,0.019,0.021,3.24M
2018-08-29 11:10:46,1217.HK,0.019,0.025,0.019,0.021,3.24M
2018-08-29 11:10:49,1217.HK,0.019,0.025,0.019,0.021,3.24M
2018-08-29 11:10:53,1217.HK,0.019,0.025,0.019,0.021,3.24M
2018-08-29 11:10:56,1217.HK,0.019,0.025,0.019,0.021,3.24M
2018-08-29 11:11:01,1217.HK,0.019,0.025,0.019,0.021,3.24M
2018-08-29 11:11:05,1217.HK,0.019,0.025,0.019,0.021,3.24M
2018-08-29 11:11:11,1217.HK,0.019,0.025,0.019,0.021,3.24M
2018-08-29 11:11:19,1217.HK,0.019,0.025,0.019,0.021,3.24M
2018-08-29 11:11:22,1217.HK,0.019,0.025,0.019,0.021,3.24M
2018-08-29 11:11:28,1217.HK,0.019,0.025,0.019,0.021,3.24M
2018-08-29 11:11:33,1217.HK,0.019,0.025,0.019,0.021,3.24M
2018-08-29 11:11:37,1217.HK,0.019,0.025,0.019,0.021,3.24M
2018-08-29 11:11:41,1217.HK,0.019,0.025,0.019,0.021,3.24M
2018-08-29 11:11:44,1217.HK,0.019,0.025,0.019,0.021,3.24M
2018-08-29 11:11:48,1217.HK,0.019,0.025,0.019,0.021,3.24M
2018-08-29 11:11:51,1217.HK,0.019,0.025,0.019,0.021,3.24M
2018-08-29 11:11:54,1217.HK,0.019,0.025,0.019,0.021,3.24M
2018-08-29 11:12:06,1217.HK,0.019,0.025,0.019,0.021,3.24M
2018-08-29 11:12:14,1217.HK,0.019,0.025,0.019,0.021,3.24M
2018-08-29 11:12:17,1217.HK,0.019,0.025,0.019,0.021,3.24M
2018-08-29 11:12:19,1217.HK,0.019,0.025,0.019,0.021,3.24M
2018-08-29 11:12:22,1217.HK,0.019,0.025,0.019,0.021,3.24M
2018-08-29 11:12:26,1217.HK,0.019,0.025,0.019,0.021,3.24M
2018-08-29 11:12:29,1217.HK,0.019,0.025,0.019,0.021,3.24M
2018-08-29 11:12:33,1217.HK,0.019,0.025,0.019,0.021,3.24M
2018-08-29 11:12:36,1217.HK,0.019,0.025,0.019,0.021,3.24M
2018-08-29 11:12:40,1217.HK,0.019,0.025,0.019,0.021,3.24M
2018-08-29 11:12:43,1217.HK,0.019,0.025,0.019,0.021,3.24M
2018-08-29 11:12:47,1217.HK,0.019,0.025,0.019,0.021,3.24M
2018-08-29 11:12:50,1217.HK,0.019,0.025,0.019,0.021,3.24M
2018-08-29 11:12:54,1217.HK,0.019,0.025,0.019,0.021,3.24M
2018-08-29 11:12:57,1217.HK,0.019,0.025,0.019,0.021,3.24M
2018-08-29 11:13:00,1217.HK,0.019,0.025,0.019,0.021,3.24M
2018-08-29 11:13:03,1217.HK,0.019,0.025,0.019,0.021,3.24M
2018-08-29 11:13:07,1217.HK,0.019,0.025,0.019,0.021,3.24M
2018-08-29 11:13:09,1217.HK,0.019,0.025,0.019,0.021,3.24M
2018-08-29 11:13:16,1217.HK,0.019,0.025,0.019,0.021,3.24M
2018-08-29 11:13:20,1217.HK,0.019,0.025,0.019,0.021,3.24M
2018-08-29 11:13:23,1217.HK,0.019,0.025,0.019,0.021,3.24M
2018-08-29 11:13:26,1217.HK,0.019,0.025,0.019,0.021,3.24M
2018-08-29 11:13:29,1217.HK,0.019,0.025,0.019,0.021,3.24M
2018-08-29 11:13:32,1217.HK,0.019,0.025,0.019,0.021,3.24M
2018-08-29 11:13:36,1217.HK,0.019,0.025,0.019,0.021,3.24M
2018-08-29 11:13:39,1217.HK,0.019,0.025,0.019,0.021,3.24M
2018-08-29 11:13:45,1217.HK,0.019,0.025,0.019,0.021,3.24M
2018-08-29 11:13:48,1217.HK,0.019,0.025,0.019,0.021,3.24M
2018-08-29 11:13:51,1217.HK,0.019,0.025,0.019,0.021,3.24M
2018-08-29 11:13:54,1217.HK,0.019,0.025,0.019,0.021,3.24M
2018-08-29 11:13:56,1217.HK,0.019,0.025,0.019,0.021,3.24M
2018-08-29 11:14:00,1217.HK,0.019,0.025,0.019,0.021,3.24M
2018-08-29 11:14:04,1217.HK,0.019,0.025,0.019,0.021,3.24M
2018-08-29 11:14:08,1217.HK,0.019,0.025,0.019,0.021,3.24M
2018-08-29 11:14:14,1217.HK,0.019,0.025,0.019,0.021,3.24M
2018-08-29 11:14:25,1217.HK,0.019,0.025,0.019,0.021,3.24M
2018-08-29 11:14:29,1217.HK,0.019,0.025,0.019,0.021,3.24M
2018-08-29 11:14:33,1217.HK,0.019,0.025,0.019,0.021,3.24M
2018-08-29 11:14:36,1217.HK,0.019,0.025,0.019,0.021,3.24M
2018-08-29 11:14:40,1217.HK,0.019,0.025,0.019,0.021,3.24M
2018-08-29 11:14:43,1217.HK,0.019,0.025,0.019,0.021,3.24M
2018-08-29 11:14:48,1217.HK,0.019,0.025,0.019,0.021,3.24M
2018-08-29 11:14:51,1217.HK,0.019,0.025,0.019,0.021,3.24M
2018-08-29 11:14:55,1217.HK,0.019,0.025,0.019,0.021,3.24M
2018-08-29 11:15:01,1217.HK,0.019,0.025,0.019,0.021,3.24M
2018-08-29 11:15:04,1217.HK,0.019,0.025,0.019,0.021,3.24M
2018-08-29 11:15:13,1217.HK,0.019,0.025,0.019,0.021,3.24M
2018-08-29 11:15:18,1217.HK,0.019,0.025,0.019,0.021,3.24M
2018-08-29 11:15:21,1217.HK,0.019,0.025,0.019,0.021,3.24M
2018-08-29 11:15:24,1217.HK,0.019,0.025,0.019,0.021,3.24M
2018-08-29 11:15:27,1217.HK,0.019,0.025,0.019,0.021,3.24M
2018-08-29 11:15:30,1217.HK,0.019,0.025,0.019,0.021,3.24M
2018-08-29 11:15:33,1217.HK,0.019,0.025,0.019,0.021,3.24M
2018-08-29 11:15:36,1217.HK,0.019,0.025,0.019,0.021,3.24M
2018-08-29 11:15:40,1217.HK,0.019,0.025,0.019,0.021,3.24M
2018-08-29 11:15:43,1217.HK,0.019,0.025,0.019,0.021,3.24M
2018-08-29 11:15:46,1217.HK,0.019,0.025,0.019,0.021,3.24M
2018-08-29 11:15:50,1217.HK,0.019,0.025,0.019,0.021,3.24M
2018-08-29 11:15:54,1217.HK,0.019,0.025,0.019,0.021,3.24M
2018-08-29 11:15:58,1217.HK,0.019,0.025,0.019,0.021,3.24M
2018-08-29 11:16:02,1217.HK,0.019,0.025,0.019,0.021,3.24M
2018-08-29 11:16:10,1217.HK,0.019,0.025,0.019,0.021,3.24M
2018-08-29 11:16:16,1217.HK,0.019,0.025,0.019,0.021,3.24M
2018-08-29 11:16:20,1217.HK,0.019,0.025,0.019,0.021,3.24M
2018-08-29 11:16:24,1217.HK,0.019,0.025,0.019,0.021,3.24M
2018-08-29 11:16:26,1217.HK,0.019,0.025,0.019,0.021,3.24M
2018-08-29 11:16:29,1217.HK,0.019,0.025,0.019,0.021,3.24M
2018-08-29 11:16:35,1217.HK,0.019,0.025,0.019,0.021,3.24M
2018-08-29 11:16:40,1217.HK,0.019,0.025,0.019,0.021,3.24M
2018-08-29 11:16:44,1217.HK,0.019,0.025,0.019,0.021,3.24M
2018-08-29 11:16:47,1217.HK,0.019,0.025,0.019,0.021,3.24M
2018-08-29 11:16:50,1217.HK,0.019,0.025,0.019,0.021,3.24M
2018-08-29 11:16:53,1217.HK,0.019,0.025,0.019,0.021,3.24M
2018-08-29 11:16:56,1217.HK,0.019,0.025,0.019,0.021,3.24M
2018-08-29 11:16:58,1217.HK,0.019,0.025,0.019,0.021,3.24M
2018-08-29 11:17:01,1217.HK,0.019,0.025,0.019,0.021,3.24M
2018-08-29 11:17:05,1217.HK,0.019,0.025,0.019,0.021,3.24M
2018-08-29 11:17:07,1217.HK,0.019,0.025,0.019,0.021,3.24M
2018-08-29 11:17:15,1217.HK,0.019,0.025,0.019,0.021,3.24M
2018-08-29 11:17:21,1217.HK,0.019,0.025,0.019,0.021,3.24M
2018-08-29 11:17:24,1217.HK,0.019,0.025,0.019,0.021,3.24M
2018-08-29 11:17:28,1217.HK,0.019,0.025,0.019,0.021,3.24M
2018-08-29 11:17:31,1217.HK,0.019,0.025,0.019,0.021,3.24M
2018-08-29 11:17:33,1217.HK,0.019,0.025,0.019,0.021,3.24M
2018-08-29 11:17:36,1217.HK,0.019,0.025,0.019,0.021,3.24M
2018-08-29 11:17:38,1217.HK,0.019,0.025,0.019,0.021,3.24M
2018-08-29 11:17:42,1217.HK,0.019,0.025,0.019,0.021,3.24M
2018-08-29 11:17:45,1217.HK,0.019,0.025,0.019,0.021,3.24M
2018-08-29 11:17:51,1217.HK,0.019,0.025,0.019,0.021,3.24M
2018-08-29 11:17:56,1217.HK,0.019,0.025,0.019,0.021,3.24M
2018-08-29 11:18:01,1217.HK,0.019,0.025,0.019,0.021,3.24M
2018-08-29 11:18:05,1217.HK,0.019,0.025,0.019,0.021,3.24M
2018-08-29 11:18:12,1217.HK,0.019,0.025,0.019,0.021,3.24M
2018-08-29 11:18:17,1217.HK,0.019,0.025,0.019,0.021,3.24M
2018-08-29 11:18:26,1217.HK,0.019,0.025,0.019,0.021,3.24M
2018-08-29 11:18:29,1217.HK,0.019,0.025,0.019,0.021,3.24M
2018-08-29 11:18:31,1217.HK,0.019,0.025,0.019,0.021,3.24M
2018-08-29 11:18:34,1217.HK,0.019,0.025,0.019,0.021,3.24M
2018-08-29 11:18:37,1217.HK,0.019,0.025,0.019,0.021,3.24M
2018-08-29 11:18:40,1217.HK,0.019,0.025,0.019,0.021,3.24M
2018-08-29 11:18:43,1217.HK,0.019,0.025,0.019,0.021,3.24M
2018-08-29 11:18:46,1217.HK,0.019,0.025,0.019,0.021,3.24M
2018-08-29 11:18:49,1217.HK,0.019,0.025,0.019,0.021,3.24M
2018-08-29 11:18:51,1217.HK,0.019,0.025,0.019,0.021,3.24M
2018-08-29 11:18:55,1217.HK,0.019,0.025,0.019,0.021,3.24M
2018-08-29 11:18:58,1217.HK,0.019,0.025,0.019,0.021,3.24M
2018-08-29 11:19:02,1217.HK,0.019,0.025,0.019,0.021,3.24M
2018-08-29 11:19:06,1217.HK,0.019,0.025,0.019,0.021,3.24M
2018-08-29 11:19:10,1217.HK,0.019,0.025,0.019,0.021,3.24M
2018-08-29 11:19:14,1217.HK,0.019,0.025,0.019,0.021,3.24M
2018-08-29 11:19:18,1217.HK,0.019,0.025,0.019,0.021,3.24M
2018-08-29 11:19:21,1217.HK,0.019,0.025,0.019,0.021,3.24M
2018-08-29 11:19:25,1217.HK,0.019,0.025,0.019,0.021,3.24M
2018-08-29 11:19:28,1217.HK,0.019,0.025,0.019,0.021,3.24M
2018-08-29 11:19:37,1217.HK,0.019,0.025,0.019,0.021,3.24M
2018-08-29 11:19:40,1217.HK,0.019,0.025,0.019,0.021,3.24M
2018-08-29 11:19:43,1217.HK,0.019,0.025,0.019,0.021,3.24M
2018-08-29 11:19:46,1217.HK,0.019,0.025,0.019,0.021,3.24M
2018-08-29 11:19:50,1217.HK,0.019,0.025,0.019,0.021,3.24M
2018-08-29 11:19:53,1217.HK,0.019,0.025,0.019,0.021,3.24M
2018-08-29 11:20:04,1217.HK,0.019,0.025,0.019,0.021,3.24M
2018-08-29 11:20:07,1217.HK,0.019,0.025,0.019,0.021,3.24M
2018-08-29 11:20:11,1217.HK,0.019,0.025,0.019,0.021,3.24M
2018-08-29 11:20:14,1217.HK,0.019,0.025,0.019,0.021,3.24M
2018-08-29 11:20:16,1217.HK,0.019,0.025,0.019,0.021,3.24M
2018-08-29 11:20:19,1217.HK,0.019,0.025,0.019,0.021,3.24M
2018-08-29 11:20:23,1217.HK,0.019,0.025,0.019,0.021,3.24M
2018-08-29 11:20:26,1217.HK,0.019,0.025,0.019,0.021,3.24M
2018-08-29 11:20:29,1217.HK,0.019,0.025,0.019,0.021,3.24M
2018-08-29 11:20:32,1217.HK,0.019,0.025,0.019,0.021,3.24M
2018-08-29 11:20:34,1217.HK,0.019,0.025,0.019,0.021,3.24M
2018-08-29 11:20:37,1217.HK,0.019,0.025,0.019,0.021,3.24M
2018-08-29 11:20:42,1217.HK,0.019,0.025,0.019,0.021,3.24M
2018-08-29 11:20:46,1217.HK,0.019,0.025,0.019,0.021,3.24M
2018-08-29 11:20:49,1217.HK,0.019,0.025,0.019,0.021,3.24M
2018-08-29 11:20:52,1217.HK,0.019,0.025,0.019,0.021,3.24M
2018-08-29 11:20:55,1217.HK,0.019,0.025,0.019,0.021,3.24M
2018-08-29 11:20:59,1217.HK,0.019,0.025,0.019,0.021,3.24M
2018-08-29 11:21:03,1217.HK,0.019,0.025,0.019,0.021,3.24M
2018-08-29 11:21:06,1217.HK,0.019,0.025,0.019,0.021,3.24M
2018-08-29 11:21:14,1217.HK,0.019,0.025,0.019,0.021,3.24M
2018-08-29 11:21:17,1217.HK,0.019,0.025,0.019,0.021,3.24M
2018-08-29 11:21:23,1217.HK,0.019,0.025,0.019,0.021,3.24M
2018-08-29 11:21:26,1217.HK,0.019,0.025,0.019,0.021,3.24M
2018-08-29 11:21:29,1217.HK,0.019,0.025,0.019,0.021,3.24M
2018-08-29 11:21:32,1217.HK,0.019,0.025,0.019,0.021,3.24M
2018-08-29 11:21:37,1217.HK,0.019,0.025,0.019,0.021,3.24M
2018-08-29 11:21:40,1217.HK,0.019,0.025,0.019,0.021,3.24M
2018-08-29 11:21:44,1217.HK,0.019,0.025,0.019,0.021,3.24M
2018-08-29 11:21:48,1217.HK,0.019,0.025,0.019,0.021,3.24M
2018-08-29 11:21:53,1217.HK,0.019,0.025,0.019,0.021,3.24M
2018-08-29 11:21:56,1217.HK,0.019,0.025,0.019,0.021,3.24M
2018-08-29 11:22:00,1217.HK,0.019,0.025,0.019,0.021,3.24M
2018-08-29 11:22:15,1217.HK,0.019,0.025,0.019,0.021,3.24M
2018-08-29 11:22:25,1217.HK,0.019,0.025,0.019,0.021,3.24M
2018-08-29 11:22:29,1217.HK,0.019,0.025,0.019,0.021,3.24M
2018-08-29 11:22:32,1217.HK,0.019,0.025,0.019,0.021,3.24M
2018-08-29 11:22:35,1217.HK,0.019,0.025,0.019,0.021,3.24M
2018-08-29 11:22:39,1217.HK,0.019,0.025,0.019,0.021,3.24M
2018-08-29 11:22:44,1217.HK,0.019,0.025,0.019,0.021,3.24M
2018-08-29 11:22:47,1217.HK,0.019,0.025,0.019,0.021,3.24M
2018-08-29 11:22:51,1217.HK,0.019,0.025,0.019,0.021,3.24M
2018-08-29 11:22:55,1217.HK,0.019,0.025,0.019,0.021,3.24M
2018-08-29 11:23:00,1217.HK,0.019,0.025,0.019,0.021,3.24M
2018-08-29 11:23:04,1217.HK,0.019,0.025,0.019,0.021,3.24M
2018-08-29 11:23:09,1217.HK,0.019,0.025,0.019,0.021,3.24M
2018-08-29 11:23:15,1217.HK,0.019,0.025,0.019,0.021,3.24M
2018-08-29 11:23:23,1217.HK,0.019,0.025,0.019,0.021,3.24M
2018-08-29 11:23:26,1217.HK,0.019,0.025,0.019,0.021,3.24M
2018-08-29 11:23:28,1217.HK,0.019,0.025,0.019,0.021,3.24M
2018-08-29 11:23:31,1217.HK,0.019,0.025,0.019,0.021,3.24M
2018-08-29 11:23:37,1217.HK,0.019,0.025,0.019,0.021,3.24M
2018-08-29 11:23:40,1217.HK,0.019,0.025,0.019,0.021,3.24M
2018-08-29 11:23:42,1217.HK,0.019,0.025,0.019,0.021,3.24M
2018-08-29 11:23:46,1217.HK,0.019,0.025,0.019,0.021,3.24M
2018-08-29 11:23:50,1217.HK,0.019,0.025,0.019,0.021,3.24M
2018-08-29 11:23:53,1217.HK,0.019,0.025,0.019,0.021,3.24M
2018-08-29 11:23:57,1217.HK,0.019,0.025,0.019,0.021,3.24M
2018-08-29 11:24:00,1217.HK,0.019,0.025,0.019,0.021,3.24M
2018-08-29 11:24:05,1217.HK,0.019,0.025,0.019,0.021,3.24M
2018-08-29 11:24:09,1217.HK,0.019,0.025,0.019,0.021,3.24M
2018-08-29 11:24:12,1217.HK,0.019,0.025,0.019,0.021,3.24M
2018-08-29 11:24:15,1217.HK,0.019,0.025,0.019,0.021,3.24M
2018-08-29 11:24:19,1217.HK,0.019,0.025,0.019,0.021,3.24M
2018-08-29 11:24:22,1217.HK,0.019,0.025,0.019,0.021,3.24M
2018-08-29 11:24:36,1217.HK,0.019,0.025,0.019,0.021,3.24M
2018-08-29 11:28:24,1217.HK,0.019,0.025,0.019,0.021,3.40M
2018-08-29 11:28:27,1217.HK,0.019,0.025,0.019,0.021,3.40M
2018-08-29 11:28:30,1217.HK,0.019,0.025,0.019,0.021,3.40M
2018-08-29 11:28:33,1217.HK,0.019,0.025,0.019,0.021,3.40M
2018-08-29 11:28:35,1217.HK,0.019,0.025,0.019,0.021,3.40M
2018-08-29 11:28:38,1217.HK,0.019,0.025,0.019,0.021,3.40M
2018-08-29 11:28:40,1217.HK,0.019,0.025,0.019,0.021,3.40M
2018-08-29 11:28:44,1217.HK,0.019,0.025,0.019,0.021,3.40M
2018-08-29 11:28:47,1217.HK,0.019,0.025,0.019,0.021,3.40M
2018-08-29 11:28:51,1217.HK,0.019,0.025,0.019,0.021,3.40M
2018-08-29 11:28:53,1217.HK,0.019,0.025,0.019,0.021,3.40M
2018-08-29 11:28:57,1217.HK,0.019,0.025,0.019,0.021,3.40M
2018-08-29 11:29:00,1217.HK,0.019,0.025,0.019,0.021,3.40M
2018-08-29 11:29:03,1217.HK,0.019,0.025,0.019,0.021,3.40M
2018-08-29 11:29:05,1217.HK,0.019,0.025,0.019,0.021,3.40M
2018-08-29 11:29:08,1217.HK,0.019,0.025,0.019,0.021,3.40M
2018-08-29 11:29:11,1217.HK,0.019,0.025,0.019,0.021,3.40M
2018-08-29 11:29:15,1217.HK,0.019,0.025,0.019,0.021,3.40M
2018-08-29 11:29:18,1217.HK,0.019,0.025,0.019,0.021,3.40M
2018-08-29 11:29:21,1217.HK,0.019,0.025,0.019,0.021,3.40M
2018-08-29 11:29:24,1217.HK,0.019,0.025,0.019,0.021,3.40M
2018-08-29 11:29:30,1217.HK,0.019,0.025,0.019,0.021,3.40M
2018-08-29 11:29:34,1217.HK,0.019,0.025,0.019,0.021,3.40M
2018-08-29 11:29:37,1217.HK,0.019,0.025,0.019,0.021,3.40M
2018-08-29 11:29:42,1217.HK,0.019,0.025,0.019,0.021,3.40M
2018-08-29 11:29:46,1217.HK,0.019,0.025,0.019,0.021,3.40M
2018-08-29 11:29:50,1217.HK,0.019,0.025,0.019,0.021,3.40M
2018-08-29 11:29:55,1217.HK,0.019,0.025,0.019,0.021,3.40M
2018-08-29 11:30:00,1217.HK,0.019,0.025,0.019,0.021,3.40M
2018-08-29 11:30:04,1217.HK,0.019,0.025,0.019,0.021,3.40M
2018-08-29 11:30:07,1217.HK,0.019,0.025,0.019,0.021,3.40M
2018-08-29 11:30:16,1217.HK,0.019,0.025,0.019,0.021,3.40M
2018-08-29 11:30:19,1217.HK,0.019,0.025,0.019,0.021,3.40M
2018-08-29 11:30:26,1217.HK,0.019,0.025,0.019,0.021,3.40M
2018-08-29 11:30:31,1217.HK,0.019,0.025,0.019,0.021,3.40M
2018-08-29 11:30:34,1217.HK,0.019,0.025,0.019,0.021,3.40M
2018-08-29 11:30:36,1217.HK,0.019,0.025,0.019,0.021,3.40M
2018-08-29 11:30:40,1217.HK,0.019,0.025,0.019,0.021,3.40M
2018-08-29 11:30:43,1217.HK,0.019,0.025,0.019,0.021,3.40M
2018-08-29 11:30:46,1217.HK,0.019,0.025,0.019,0.021,3.40M
2018-08-29 11:30:50,1217.HK,0.019,0.025,0.019,0.021,3.40M
2018-08-29 11:30:53,1217.HK,0.019,0.025,0.019,0.021,3.40M
2018-08-29 11:30:56,1217.HK,0.019,0.025,0.019,0.021,3.40M
2018-08-29 11:31:00,1217.HK,0.019,0.025,0.019,0.021,3.40M
2018-08-29 11:31:03,1217.HK,0.019,0.025,0.019,0.021,3.40M
2018-08-29 11:31:06,1217.HK,0.019,0.025,0.019,0.021,3.40M
2018-08-29 11:31:11,1217.HK,0.019,0.025,0.019,0.021,3.40M
2018-08-29 11:31:18,1217.HK,0.019,0.025,0.019,0.021,3.40M
2018-08-29 11:31:25,1217.HK,0.019,0.025,0.019,0.021,3.40M
2018-08-29 11:31:28,1217.HK,0.019,0.025,0.019,0.021,3.40M
2018-08-29 11:31:31,1217.HK,0.019,0.025,0.019,0.021,3.40M
2018-08-29 11:31:34,1217.HK,0.019,0.025,0.019,0.021,3.40M
2018-08-29 11:31:36,1217.HK,0.019,0.025,0.019,0.021,3.40M
2018-08-29 11:31:39,1217.HK,0.019,0.025,0.019,0.021,3.40M
2018-08-29 11:31:42,1217.HK,0.019,0.025,0.019,0.021,3.40M
2018-08-29 11:31:45,1217.HK,0.019,0.025,0.019,0.021,3.40M
2018-08-29 11:31:48,1217.HK,0.019,0.025,0.019,0.021,3.40M
2018-08-29 11:31:51,1217.HK,0.019,0.025,0.019,0.021,3.40M
2018-08-29 11:31:52,1217.HK,0.019,0.025,0.019,0.021,3.40M
2018-08-29 11:31:56,1217.HK,0.019,0.025,0.019,0.021,3.40M
2018-08-29 11:31:59,1217.HK,0.019,0.025,0.019,0.021,3.40M
2018-08-29 11:32:09,1217.HK,0.019,0.025,0.019,0.021,3.40M
2018-08-29 11:32:12,1217.HK,0.019,0.025,0.019,0.021,3.40M
2018-08-29 11:32:14,1217.HK,0.019,0.025,0.019,0.021,3.40M
2018-08-29 11:32:18,1217.HK,0.019,0.025,0.019,0.021,3.40M
2018-08-29 11:32:22,1217.HK,0.019,0.025,0.019,0.021,3.40M
2018-08-29 11:32:28,1217.HK,0.019,0.025,0.019,0.021,3.40M
2018-08-29 11:32:31,1217.HK,0.019,0.025,0.019,0.021,3.40M
2018-08-29 11:32:34,1217.HK,0.019,0.025,0.019,0.021,3.40M
2018-08-29 11:32:37,1217.HK,0.019,0.025,0.019,0.021,3.40M
2018-08-29 11:32:44,1217.HK,0.019,0.025,0.019,0.021,3.40M
2018-08-29 11:32:47,1217.HK,0.019,0.025,0.019,0.021,3.40M
2018-08-29 11:32:50,1217.HK,0.019,0.025,0.019,0.021,3.40M
2018-08-29 11:32:55,1217.HK,0.019,0.025,0.019,0.021,3.40M
2018-08-29 11:32:59,1217.HK,0.019,0.025,0.019,0.021,3.40M
2018-08-29 11:33:01,1217.HK,0.019,0.025,0.019,0.021,3.40M
2018-08-29 11:33:06,1217.HK,0.019,0.025,0.019,0.021,3.40M
2018-08-29 11:33:14,1217.HK,0.019,0.025,0.019,0.021,3.40M
2018-08-29 11:33:24,1217.HK,0.019,0.025,0.019,0.021,3.40M
2018-08-29 11:33:32,1217.HK,0.019,0.025,0.019,0.021,3.40M
2018-08-29 11:33:37,1217.HK,0.019,0.025,0.019,0.021,3.40M
2018-08-29 11:33:40,1217.HK,0.019,0.025,0.019,0.021,3.40M
2018-08-29 11:33:43,1217.HK,0.019,0.025,0.019,0.021,3.40M
2018-08-29 11:33:50,1217.HK,0.019,0.025,0.019,0.021,3.40M
2018-08-29 11:33:53,1217.HK,0.019,0.025,0.019,0.021,3.40M
2018-08-29 11:33:57,1217.HK,0.019,0.025,0.019,0.021,3.40M
2018-08-29 11:34:01,1217.HK,0.019,0.025,0.019,0.021,3.40M
2018-08-29 11:34:13,1217.HK,0.019,0.025,0.019,0.021,3.40M
2018-08-29 11:34:22,1217.HK,0.019,0.025,0.019,0.021,3.40M
2018-08-29 11:34:26,1217.HK,0.019,0.025,0.019,0.021,3.40M
2018-08-29 11:34:29,1217.HK,0.019,0.025,0.019,0.021,3.40M
2018-08-29 11:34:35,1217.HK,0.019,0.025,0.019,0.021,3.40M
2018-08-29 11:34:38,1217.HK,0.019,0.025,0.019,0.021,3.40M
2018-08-29 11:34:43,1217.HK,0.019,0.025,0.019,0.021,3.40M
2018-08-29 11:34:45,1217.HK,0.019,0.025,0.019,0.021,3.40M
2018-08-29 11:34:48,1217.HK,0.019,0.025,0.019,0.021,3.40M
2018-08-29 11:34:51,1217.HK,0.019,0.025,0.019,0.021,3.40M
2018-08-29 11:34:55,1217.HK,0.019,0.025,0.019,0.021,3.40M
2018-08-29 11:34:58,1217.HK,0.019,0.025,0.019,0.021,3.40M
2018-08-29 11:35:02,1217.HK,0.019,0.025,0.019,0.021,3.40M
2018-08-29 11:35:05,1217.HK,0.019,0.025,0.019,0.021,3.40M
2018-08-29 11:35:08,1217.HK,0.019,0.025,0.019,0.021,3.40M
2018-08-29 11:35:15,1217.HK,0.019,0.025,0.019,0.021,3.40M
2018-08-29 11:35:23,1217.HK,0.019,0.025,0.019,0.021,3.40M
2018-08-29 11:35:28,1217.HK,0.019,0.025,0.019,0.021,3.40M
2018-08-29 11:35:33,1217.HK,0.019,0.025,0.019,0.021,3.40M
2018-08-29 11:35:38,1217.HK,0.019,0.025,0.019,0.021,3.40M
2018-08-29 11:35:43,1217.HK,0.019,0.025,0.019,0.021,3.40M
2018-08-29 11:35:47,1217.HK,0.019,0.025,0.019,0.021,3.40M
2018-08-29 11:35:50,1217.HK,0.019,0.025,0.019,0.021,3.40M
2018-08-29 11:35:57,1217.HK,0.019,0.025,0.019,0.021,3.40M
2018-08-29 11:36:06,1217.HK,0.019,0.025,0.019,0.021,3.40M
2018-08-29 11:36:09,1217.HK,0.019,0.025,0.019,0.021,3.40M
2018-08-29 11:36:17,1217.HK,0.019,0.025,0.019,0.021,3.40M
2018-08-29 11:36:20,1217.HK,0.019,0.025,0.019,0.021,3.40M
2018-08-29 11:36:23,1217.HK,0.019,0.025,0.019,0.021,3.40M
2018-08-29 11:36:25,1217.HK,0.019,0.025,0.019,0.021,3.40M
2018-08-29 11:36:28,1217.HK,0.019,0.025,0.019,0.021,3.40M
2018-08-29 11:36:31,1217.HK,0.019,0.025,0.019,0.021,3.40M
2018-08-29 11:36:34,1217.HK,0.019,0.025,0.019,0.021,3.40M
2018-08-29 11:36:37,1217.HK,0.019,0.025,0.019,0.021,3.40M
2018-08-29 11:36:39,1217.HK,0.019,0.025,0.019,0.021,3.40M
2018-08-29 11:36:42,1217.HK,0.019,0.025,0.019,0.021,3.40M
2018-08-29 11:36:46,1217.HK,0.019,0.025,0.019,0.021,3.40M
2018-08-29 11:36:50,1217.HK,0.019,0.025,0.019,0.021,3.40M
2018-08-29 11:36:53,1217.HK,0.019,0.025,0.019,0.021,3.40M
2018-08-29 11:36:56,1217.HK,0.019,0.025,0.019,0.021,3.40M
2018-08-29 11:36:59,1217.HK,0.019,0.025,0.019,0.021,3.40M
2018-08-29 11:37:02,1217.HK,0.019,0.025,0.019,0.021,3.40M
2018-08-29 11:37:05,1217.HK,0.019,0.025,0.019,0.021,3.40M
2018-08-29 11:37:08,1217.HK,0.019,0.025,0.019,0.021,3.40M
2018-08-29 11:37:11,1217.HK,0.019,0.025,0.019,0.021,3.40M
2018-08-29 11:37:13,1217.HK,0.019,0.025,0.019,0.021,3.40M
2018-08-29 11:37:17,1217.HK,0.019,0.025,0.019,0.021,3.40M
2018-08-29 11:37:20,1217.HK,0.019,0.025,0.019,0.021,3.40M
2018-08-29 11:37:23,1217.HK,0.019,0.025,0.019,0.021,3.40M
2018-08-29 11:37:26,1217.HK,0.019,0.025,0.019,0.021,3.40M
2018-08-29 11:37:29,1217.HK,0.019,0.025,0.019,0.021,3.40M
2018-08-29 11:37:31,1217.HK,0.019,0.025,0.019,0.021,3.40M
2018-08-29 11:37:34,1217.HK,0.019,0.025,0.019,0.021,3.40M
2018-08-29 11:37:37,1217.HK,0.019,0.025,0.019,0.021,3.40M
2018-08-29 11:37:40,1217.HK,0.019,0.025,0.019,0.021,3.40M
2018-08-29 11:37:43,1217.HK,0.019,0.025,0.019,0.021,3.40M
2018-08-29 11:37:46,1217.HK,0.019,0.025,0.019,0.021,3.40M
2018-08-29 11:37:49,1217.HK,0.019,0.025,0.019,0.021,3.40M
2018-08-29 11:37:52,1217.HK,0.019,0.025,0.019,0.021,3.40M
2018-08-29 11:37:55,1217.HK,0.019,0.025,0.019,0.021,3.40M
2018-08-29 11:37:59,1217.HK,0.019,0.025,0.019,0.021,3.40M
2018-08-29 11:38:01,1217.HK,0.019,0.025,0.019,0.021,3.40M
2018-08-29 11:38:04,1217.HK,0.019,0.025,0.019,0.021,3.40M
2018-08-29 11:38:06,1217.HK,0.019,0.025,0.019,0.021,3.40M
2018-08-29 11:38:10,1217.HK,0.019,0.025,0.019,0.021,3.40M
2018-08-29 11:38:13,1217.HK,0.019,0.025,0.019,0.021,3.40M
2018-08-29 11:38:17,1217.HK,0.019,0.025,0.019,0.021,3.40M
2018-08-29 11:38:20,1217.HK,0.019,0.025,0.019,0.021,3.40M
2018-08-29 11:38:24,1217.HK,0.019,0.025,0.019,0.021,3.40M
2018-08-29 11:38:28,1217.HK,0.019,0.025,0.019,0.021,3.40M
2018-08-29 11:38:31,1217.HK,0.019,0.025,0.019,0.021,3.40M
2018-08-29 11:38:34,1217.HK,0.019,0.025,0.019,0.021,3.40M
2018-08-29 11:38:37,1217.HK,0.019,0.025,0.019,0.021,3.40M
2018-08-29 11:38:39,1217.HK,0.019,0.025,0.019,0.021,3.40M
2018-08-29 11:38:43,1217.HK,0.019,0.025,0.019,0.021,3.40M
2018-08-29 11:38:47,1217.HK,0.019,0.025,0.019,0.021,3.40M
2018-08-29 11:38:51,1217.HK,0.019,0.025,0.019,0.021,3.40M
2018-08-29 11:38:54,1217.HK,0.019,0.025,0.019,0.021,3.40M
2018-08-29 11:38:57,1217.HK,0.019,0.025,0.019,0.021,3.40M
2018-08-29 11:39:01,1217.HK,0.019,0.025,0.019,0.021,3.40M
2018-08-29 11:39:04,1217.HK,0.019,0.025,0.019,0.021,3.40M
2018-08-29 11:39:10,1217.HK,0.019,0.025,0.019,0.021,3.40M
2018-08-29 11:39:21,1217.HK,0.019,0.025,0.019,0.021,3.40M
2018-08-29 11:39:24,1217.HK,0.019,0.025,0.019,0.021,3.40M
2018-08-29 11:39:27,1217.HK,0.019,0.025,0.019,0.021,3.40M
2018-08-29 11:39:30,1217.HK,0.019,0.025,0.019,0.021,3.40M
2018-08-29 11:39:32,1217.HK,0.019,0.025,0.019,0.021,3.40M
2018-08-29 11:39:34,1217.HK,0.019,0.025,0.019,0.021,3.40M
2018-08-29 11:39:37,1217.HK,0.019,0.025,0.019,0.021,3.40M
2018-08-29 11:39:41,1217.HK,0.019,0.025,0.019,0.021,3.40M
2018-08-29 11:39:44,1217.HK,0.019,0.025,0.019,0.021,3.40M
2018-08-29 11:39:47,1217.HK,0.019,0.025,0.019,0.021,3.40M
2018-08-29 11:39:52,1217.HK,0.019,0.025,0.019,0.021,3.40M
2018-08-29 11:40:01,1217.HK,0.019,0.025,0.019,0.021,3.40M
2018-08-29 11:40:05,1217.HK,0.019,0.025,0.019,0.021,3.40M
2018-08-29 11:40:12,1217.HK,0.019,0.025,0.019,0.021,3.40M
2018-08-29 11:40:15,1217.HK,0.019,0.025,0.019,0.021,3.40M
2018-08-29 11:40:22,1217.HK,0.019,0.025,0.019,0.021,3.40M
2018-08-29 11:40:25,1217.HK,0.019,0.025,0.019,0.021,3.40M
2018-08-29 11:40:27,1217.HK,0.019,0.025,0.019,0.021,3.40M
2018-08-29 11:40:34,1217.HK,0.019,0.025,0.019,0.021,3.40M
2018-08-29 11:40:37,1217.HK,0.019,0.025,0.019,0.021,3.40M
2018-08-29 11:40:41,1217.HK,0.019,0.025,0.019,0.021,3.40M
2018-08-29 11:40:45,1217.HK,0.019,0.025,0.019,0.021,3.40M
2018-08-29 11:40:48,1217.HK,0.019,0.025,0.019,0.021,3.40M
2018-08-29 11:40:51,1217.HK,0.019,0.025,0.019,0.021,3.40M
2018-08-29 11:40:54,1217.HK,0.019,0.025,0.019,0.021,3.40M
2018-08-29 11:40:56,1217.HK,0.019,0.025,0.019,0.021,3.40M
2018-08-29 11:40:59,1217.HK,0.019,0.025,0.019,0.021,3.40M
2018-08-29 11:41:02,1217.HK,0.019,0.025,0.019,0.021,3.40M
2018-08-29 11:41:05,1217.HK,0.019,0.025,0.019,0.021,3.40M
2018-08-29 11:41:08,1217.HK,0.019,0.025,0.019,0.021,3.40M
2018-08-29 11:41:12,1217.HK,0.019,0.025,0.019,0.021,3.40M
2018-08-29 11:41:17,1217.HK,0.019,0.025,0.019,0.021,3.40M
2018-08-29 11:41:20,1217.HK,0.019,0.025,0.019,0.021,3.40M
2018-08-29 11:41:26,1217.HK,0.019,0.025,0.019,0.021,3.40M
2018-08-29 11:41:33,1217.HK,0.019,0.025,0.019,0.021,3.40M
2018-08-29 11:41:36,1217.HK,0.019,0.025,0.019,0.021,3.40M
2018-08-29 11:41:40,1217.HK,0.019,0.025,0.019,0.021,3.40M
2018-08-29 11:41:43,1217.HK,0.019,0.025,0.019,0.021,3.40M
2018-08-29 11:41:45,1217.HK,0.019,0.025,0.019,0.021,3.40M
2018-08-29 11:41:49,1217.HK,0.019,0.025,0.019,0.021,3.40M
2018-08-29 11:41:56,1217.HK,0.019,0.025,0.019,0.021,3.40M
2018-08-29 11:42:05,1217.HK,0.019,0.025,0.019,0.021,3.40M
2018-08-29 11:42:09,1217.HK,0.019,0.025,0.019,0.021,3.40M
2018-08-29 11:42:18,1217.HK,0.019,0.025,0.019,0.021,3.40M
2018-08-29 11:42:21,1217.HK,0.019,0.025,0.019,0.021,3.40M
2018-08-29 11:42:24,1217.HK,0.019,0.025,0.019,0.021,3.40M
2018-08-29 11:42:27,1217.HK,0.019,0.025,0.019,0.021,3.40M
2018-08-29 11:42:35,1217.HK,0.019,0.025,0.019,0.021,3.40M
2018-08-29 11:42:39,1217.HK,0.019,0.025,0.019,0.021,3.40M
2018-08-29 11:42:44,1217.HK,0.019,0.025,0.019,0.021,3.40M
2018-08-29 11:42:48,1217.HK,0.019,0.025,0.019,0.021,3.40M
2018-08-29 11:42:53,1217.HK,0.019,0.025,0.019,0.021,3.40M
2018-08-29 11:42:57,1217.HK,0.019,0.025,0.019,0.021,3.40M
2018-08-29 11:43:00,1217.HK,0.019,0.025,0.019,0.021,3.40M
2018-08-29 11:43:08,1217.HK,0.019,0.025,0.019,0.021,3.40M
2018-08-29 11:43:15,1217.HK,0.019,0.025,0.019,0.021,3.40M
2018-08-29 11:43:18,1217.HK,0.019,0.025,0.019,0.021,3.40M
2018-08-29 11:43:23,1217.HK,0.019,0.025,0.019,0.021,3.40M
2018-08-29 11:43:29,1217.HK,0.019,0.025,0.019,0.021,3.40M
2018-08-29 11:43:32,1217.HK,0.019,0.025,0.019,0.021,3.40M
2018-08-29 11:43:35,1217.HK,0.019,0.025,0.019,0.021,3.40M
2018-08-29 11:43:38,1217.HK,0.019,0.025,0.019,0.021,3.40M
2018-08-29 11:43:41,1217.HK,0.019,0.025,0.019,0.021,3.40M
2018-08-29 11:43:44,1217.HK,0.019,0.025,0.019,0.021,3.40M
2018-08-29 11:43:47,1217.HK,0.019,0.025,0.019,0.021,3.40M
2018-08-29 11:43:50,1217.HK,0.019,0.025,0.019,0.021,3.40M
2018-08-29 11:43:56,1217.HK,0.019,0.025,0.019,0.021,3.40M
2018-08-29 11:43:59,1217.HK,0.019,0.025,0.019,0.021,3.40M
2018-08-29 11:44:01,1217.HK,0.019,0.025,0.019,0.021,3.40M
2018-08-29 11:44:06,1217.HK,0.019,0.025,0.019,0.021,3.40M
2018-08-29 11:44:10,1217.HK,0.019,0.025,0.019,0.021,3.40M
2018-08-29 11:44:13,1217.HK,0.019,0.025,0.019,0.021,3.40M
2018-08-29 11:44:22,1217.HK,0.019,0.025,0.019,0.021,3.40M
2018-08-29 11:44:25,1217.HK,0.019,0.025,0.019,0.021,3.40M
2018-08-29 11:44:28,1217.HK,0.019,0.025,0.019,0.021,3.40M
2018-08-29 11:44:32,1217.HK,0.019,0.025,0.019,0.021,3.40M
2018-08-29 11:44:35,1217.HK,0.019,0.025,0.019,0.021,3.40M
2018-08-29 11:44:41,1217.HK,0.019,0.025,0.019,0.021,3.40M
2018-08-29 11:44:44,1217.HK,0.019,0.025,0.019,0.021,3.40M
2018-08-29 11:44:47,1217.HK,0.019,0.025,0.019,0.021,3.40M
2018-08-29 11:44:50,1217.HK,0.019,0.025,0.019,0.021,3.40M
2018-08-29 11:44:53,1217.HK,0.019,0.025,0.019,0.021,3.40M
2018-08-29 11:44:57,1217.HK,0.019,0.025,0.019,0.021,3.40M
2018-08-29 11:45:00,1217.HK,0.019,0.025,0.019,0.021,3.40M
2018-08-29 11:45:03,1217.HK,0.019,0.025,0.019,0.021,3.40M
2018-08-29 11:45:05,1217.HK,0.019,0.025,0.019,0.021,3.40M
2018-08-29 11:45:08,1217.HK,0.019,0.025,0.019,0.021,3.40M
2018-08-29 11:45:11,1217.HK,0.019,0.025,0.019,0.021,3.40M
2018-08-29 11:45:14,1217.HK,0.019,0.025,0.019,0.021,3.40M
2018-08-29 11:45:17,1217.HK,0.019,0.025,0.019,0.021,3.40M
2018-08-29 11:45:20,1217.HK,0.019,0.025,0.019,0.021,3.40M
2018-08-29 11:45:24,1217.HK,0.019,0.025,0.019,0.021,3.40M
2018-08-29 11:45:26,1217.HK,0.019,0.025,0.019,0.021,3.40M
2018-08-29 11:45:29,1217.HK,0.019,0.025,0.019,0.021,3.40M
2018-08-29 11:45:32,1217.HK,0.019,0.025,0.019,0.021,3.40M
2018-08-29 11:45:35,1217.HK,0.019,0.025,0.019,0.021,3.40M
2018-08-29 11:45:38,1217.HK,0.019,0.025,0.019,0.021,3.40M
2018-08-29 11:45:41,1217.HK,0.019,0.025,0.019,0.021,3.40M
2018-08-29 11:45:44,1217.HK,0.019,0.025,0.019,0.021,3.40M
2018-08-29 11:45:47,1217.HK,0.019,0.025,0.019,0.021,3.40M
2018-08-29 11:45:50,1217.HK,0.019,0.025,0.019,0.021,3.40M
2018-08-29 11:45:53,1217.HK,0.019,0.025,0.019,0.021,3.40M
2018-08-29 11:45:56,1217.HK,0.019,0.025,0.019,0.021,3.40M
2018-08-29 11:45:59,1217.HK,0.019,0.025,0.019,0.021,3.40M
2018-08-29 11:46:02,1217.HK,0.019,0.025,0.019,0.021,3.40M
2018-08-29 11:46:07,1217.HK,0.019,0.025,0.019,0.021,3.40M
2018-08-29 11:46:11,1217.HK,0.019,0.025,0.019,0.021,3.40M
2018-08-29 11:46:14,1217.HK,0.019,0.025,0.019,0.021,3.40M
2018-08-29 11:46:17,1217.HK,0.019,0.025,0.019,0.021,3.40M
2018-08-29 11:46:19,1217.HK,0.019,0.025,0.019,0.021,3.40M
2018-08-29 11:46:22,1217.HK,0.019,0.025,0.019,0.021,3.40M
2018-08-29 11:46:25,1217.HK,0.019,0.025,0.019,0.021,3.40M
2018-08-29 11:46:28,1217.HK,0.019,0.025,0.019,0.021,3.40M
2018-08-29 11:46:31,1217.HK,0.019,0.025,0.019,0.021,3.40M
2018-08-29 11:46:34,1217.HK,0.019,0.025,0.019,0.021,3.40M
2018-08-29 11:46:37,1217.HK,0.019,0.025,0.019,0.021,3.40M
2018-08-29 11:46:42,1217.HK,0.019,0.025,0.019,0.021,3.40M
2018-08-29 11:46:45,1217.HK,0.019,0.025,0.019,0.021,3.40M
2018-08-29 11:46:47,1217.HK,0.019,0.025,0.019,0.021,3.40M
2018-08-29 11:46:50,1217.HK,0.019,0.025,0.019,0.021,3.40M
2018-08-29 11:46:52,1217.HK,0.019,0.025,0.019,0.021,3.40M
2018-08-29 11:46:57,1217.HK,0.019,0.025,0.019,0.021,3.40M
2018-08-29 11:47:02,1217.HK,0.019,0.025,0.019,0.021,3.40M
2018-08-29 11:47:05,1217.HK,0.019,0.025,0.019,0.021,3.40M
2018-08-29 11:47:11,1217.HK,0.019,0.025,0.019,0.021,3.40M
2018-08-29 11:47:18,1217.HK,0.019,0.025,0.019,0.021,3.40M
2018-08-29 11:47:22,1217.HK,0.019,0.025,0.019,0.021,3.40M
2018-08-29 11:47:26,1217.HK,0.019,0.025,0.019,0.021,3.40M
2018-08-29 11:47:29,1217.HK,0.019,0.025,0.019,0.021,3.40M
2018-08-29 11:47:33,1217.HK,0.019,0.025,0.019,0.021,3.40M
2018-08-29 11:47:36,1217.HK,0.019,0.025,0.019,0.021,3.40M
2018-08-29 11:47:41,1217.HK,0.019,0.025,0.019,0.021,3.60M
2018-08-29 11:47:44,1217.HK,0.019,0.025,0.019,0.021,3.60M
2018-08-29 11:47:47,1217.HK,0.019,0.025,0.019,0.021,3.60M
2018-08-29 11:47:51,1217.HK,0.019,0.025,0.019,0.021,3.60M
2018-08-29 11:47:57,1217.HK,0.019,0.025,0.019,0.021,3.60M
2018-08-29 11:48:06,1217.HK,0.019,0.025,0.019,0.021,3.60M
2018-08-29 11:48:09,1217.HK,0.019,0.025,0.019,0.021,3.60M
2018-08-29 11:48:15,1217.HK,0.019,0.025,0.019,0.021,3.60M
2018-08-29 11:48:17,1217.HK,0.019,0.025,0.019,0.021,3.60M
2018-08-29 11:48:22,1217.HK,0.019,0.025,0.019,0.021,3.60M
2018-08-29 11:48:26,1217.HK,0.019,0.025,0.019,0.021,3.60M
2018-08-29 11:48:32,1217.HK,0.019,0.025,0.019,0.021,3.60M
2018-08-29 11:48:35,1217.HK,0.019,0.025,0.019,0.021,3.60M
2018-08-29 11:48:38,1217.HK,0.019,0.025,0.019,0.021,3.60M
2018-08-29 11:48:45,1217.HK,0.019,0.025,0.019,0.021,3.60M
2018-08-29 11:48:48,1217.HK,0.019,0.025,0.019,0.021,3.60M
2018-08-29 11:48:50,1217.HK,0.019,0.025,0.019,0.021,3.60M
2018-08-29 11:48:53,1217.HK,0.019,0.025,0.019,0.021,3.60M
2018-08-29 11:48:57,1217.HK,0.019,0.025,0.019,0.021,3.60M
2018-08-29 11:49:01,1217.HK,0.019,0.025,0.019,0.021,3.60M
2018-08-29 11:49:04,1217.HK,0.019,0.025,0.019,0.021,3.60M
2018-08-29 11:49:13,1217.HK,0.019,0.025,0.019,0.021,3.60M
2018-08-29 11:49:20,1217.HK,0.019,0.025,0.019,0.021,3.60M
2018-08-29 11:49:28,1217.HK,0.019,0.025,0.019,0.021,3.60M
2018-08-29 11:49:32,1217.HK,0.019,0.025,0.019,0.021,3.60M
2018-08-29 11:49:34,1217.HK,0.019,0.025,0.019,0.021,3.60M
2018-08-29 11:49:37,1217.HK,0.019,0.025,0.019,0.021,3.60M
2018-08-29 11:49:43,1217.HK,0.019,0.025,0.019,0.021,3.60M
2018-08-29 11:49:47,1217.HK,0.019,0.025,0.019,0.021,3.60M
2018-08-29 11:49:51,1217.HK,0.019,0.025,0.019,0.021,3.60M
2018-08-29 11:49:55,1217.HK,0.019,0.025,0.019,0.021,3.60M
2018-08-29 11:49:59,1217.HK,0.019,0.025,0.019,0.021,3.60M
2018-08-29 11:50:02,1217.HK,0.019,0.025,0.019,0.021,3.60M
2018-08-29 11:50:06,1217.HK,0.019,0.025,0.019,0.021,3.60M
2018-08-29 11:50:09,1217.HK,0.019,0.025,0.019,0.021,3.60M
2018-08-29 11:50:14,1217.HK,0.019,0.025,0.019,0.021,3.60M
2018-08-29 11:50:17,1217.HK,0.019,0.025,0.019,0.021,3.60M
2018-08-29 11:50:20,1217.HK,0.019,0.025,0.019,0.021,3.60M
2018-08-29 11:50:23,1217.HK,0.019,0.025,0.019,0.021,3.60M
2018-08-29 11:50:25,1217.HK,0.019,0.025,0.019,0.021,3.60M
2018-08-29 11:50:28,1217.HK,0.019,0.025,0.019,0.021,3.60M
2018-08-29 11:50:30,1217.HK,0.019,0.025,0.019,0.021,3.60M
2018-08-29 11:50:33,1217.HK,0.019,0.025,0.019,0.021,3.60M
2018-08-29 11:50:36,1217.HK,0.019,0.025,0.019,0.021,3.60M
2018-08-29 11:50:39,1217.HK,0.019,0.025,0.019,0.021,3.60M
2018-08-29 11:50:43,1217.HK,0.019,0.025,0.019,0.021,3.60M
2018-08-29 11:50:46,1217.HK,0.019,0.025,0.019,0.021,3.60M
2018-08-29 11:50:50,1217.HK,0.019,0.025,0.019,0.021,3.60M
2018-08-29 11:50:53,1217.HK,0.019,0.025,0.019,0.021,3.60M
2018-08-29 11:50:56,1217.HK,0.019,0.025,0.019,0.021,3.60M
2018-08-29 11:50:59,1217.HK,0.019,0.025,0.019,0.021,3.60M
2018-08-29 11:51:02,1217.HK,0.019,0.025,0.019,0.021,3.60M
2018-08-29 11:51:05,1217.HK,0.019,0.025,0.019,0.021,3.60M
2018-08-29 11:51:08,1217.HK,0.019,0.025,0.019,0.021,3.60M
2018-08-29 11:51:11,1217.HK,0.019,0.025,0.019,0.021,3.60M
2018-08-29 11:51:17,1217.HK,0.019,0.025,0.019,0.021,3.60M
2018-08-29 11:51:21,1217.HK,0.019,0.025,0.019,0.021,3.60M
2018-08-29 11:51:24,1217.HK,0.019,0.025,0.019,0.021,3.60M
2018-08-29 11:51:27,1217.HK,0.019,0.025,0.019,0.021,3.60M
2018-08-29 11:51:30,1217.HK,0.019,0.025,0.019,0.021,3.60M
2018-08-29 11:51:33,1217.HK,0.019,0.025,0.019,0.021,3.60M
2018-08-29 11:51:36,1217.HK,0.019,0.025,0.019,0.021,3.60M
2018-08-29 11:51:39,1217.HK,0.019,0.025,0.019,0.021,3.60M
2018-08-29 11:51:41,1217.HK,0.019,0.025,0.019,0.021,3.60M
2018-08-29 11:51:45,1217.HK,0.019,0.025,0.019,0.021,3.60M
2018-08-29 11:51:48,1217.HK,0.019,0.025,0.019,0.021,3.60M
2018-08-29 11:51:51,1217.HK,0.019,0.025,0.019,0.021,3.60M
2018-08-29 11:51:56,1217.HK,0.019,0.025,0.019,0.021,3.60M
2018-08-29 11:52:02,1217.HK,0.019,0.025,0.019,0.021,3.60M
2018-08-29 11:52:11,1217.HK,0.019,0.025,0.019,0.021,3.60M
2018-08-29 11:52:20,1217.HK,0.019,0.025,0.019,0.021,3.60M
2018-08-29 11:52:24,1217.HK,0.019,0.025,0.019,0.021,3.60M
2018-08-29 11:52:28,1217.HK,0.019,0.025,0.019,0.021,3.60M
2018-08-29 11:52:31,1217.HK,0.019,0.025,0.019,0.021,3.60M
2018-08-29 11:52:33,1217.HK,0.019,0.025,0.019,0.021,3.60M
2018-08-29 11:52:37,1217.HK,0.019,0.025,0.019,0.021,3.60M
2018-08-29 11:52:40,1217.HK,0.019,0.025,0.019,0.021,3.60M
2018-08-29 11:52:44,1217.HK,0.019,0.025,0.019,0.021,3.60M
2018-08-29 11:52:48,1217.HK,0.019,0.025,0.019,0.021,3.60M
2018-08-29 11:52:51,1217.HK,0.019,0.025,0.019,0.021,3.60M
2018-08-29 11:52:55,1217.HK,0.019,0.025,0.019,0.021,3.60M
2018-08-29 11:52:59,1217.HK,0.019,0.025,0.019,0.021,3.60M
2018-08-29 11:53:02,1217.HK,0.019,0.025,0.019,0.021,3.60M
2018-08-29 11:53:05,1217.HK,0.019,0.025,0.019,0.021,3.60M
2018-08-29 11:53:10,1217.HK,0.019,0.025,0.019,0.021,3.60M
2018-08-29 11:53:14,1217.HK,0.019,0.025,0.019,0.021,3.60M
2018-08-29 11:53:16,1217.HK,0.019,0.025,0.019,0.021,3.60M
2018-08-29 11:53:19,1217.HK,0.019,0.025,0.019,0.021,3.60M
2018-08-29 11:53:23,1217.HK,0.019,0.025,0.019,0.021,3.60M
2018-08-29 11:53:26,1217.HK,0.019,0.025,0.019,0.021,3.60M
2018-08-29 11:53:31,1217.HK,0.019,0.025,0.019,0.021,3.60M
2018-08-29 11:53:35,1217.HK,0.019,0.025,0.019,0.021,3.60M
2018-08-29 11:53:37,1217.HK,0.019,0.025,0.019,0.021,3.60M
2018-08-29 11:53:40,1217.HK,0.019,0.025,0.019,0.021,3.60M
2018-08-29 11:53:44,1217.HK,0.019,0.025,0.019,0.021,3.60M
2018-08-29 11:53:47,1217.HK,0.019,0.025,0.019,0.021,3.60M
2018-08-29 11:53:51,1217.HK,0.019,0.025,0.019,0.021,3.60M
2018-08-29 11:53:54,1217.HK,0.019,0.025,0.019,0.021,3.60M
2018-08-29 11:53:57,1217.HK,0.019,0.025,0.019,0.021,3.60M
2018-08-29 11:54:00,1217.HK,0.019,0.025,0.019,0.021,3.60M
2018-08-29 11:54:03,1217.HK,0.019,0.025,0.019,0.021,3.60M
2018-08-29 11:54:08,1217.HK,0.019,0.025,0.019,0.021,3.60M
2018-08-29 11:54:13,1217.HK,0.019,0.025,0.019,0.021,3.60M
2018-08-29 11:54:18,1217.HK,0.019,0.025,0.019,0.021,3.60M
2018-08-29 11:54:23,1217.HK,0.019,0.025,0.019,0.021,3.60M
2018-08-29 11:54:30,1217.HK,0.019,0.025,0.019,0.021,3.60M
2018-08-29 11:54:32,1217.HK,0.019,0.025,0.019,0.021,3.60M
2018-08-29 11:54:35,1217.HK,0.019,0.025,0.019,0.021,3.60M
2018-08-29 11:54:38,1217.HK,0.019,0.025,0.019,0.021,3.60M
2018-08-29 11:54:41,1217.HK,0.019,0.025,0.019,0.021,3.60M
2018-08-29 11:54:44,1217.HK,0.019,0.025,0.019,0.021,3.60M
2018-08-29 11:54:46,1217.HK,0.019,0.025,0.019,0.021,3.60M
2018-08-29 11:54:50,1217.HK,0.019,0.025,0.019,0.021,3.60M
2018-08-29 11:54:56,1217.HK,0.019,0.025,0.019,0.021,3.60M
2018-08-29 11:55:01,1217.HK,0.019,0.025,0.019,0.021,3.60M
2018-08-29 11:55:08,1217.HK,0.019,0.025,0.019,0.021,3.60M
2018-08-29 11:55:12,1217.HK,0.019,0.025,0.019,0.021,3.60M
2018-08-29 11:55:15,1217.HK,0.019,0.025,0.019,0.021,3.60M
2018-08-29 11:55:20,1217.HK,0.019,0.025,0.019,0.021,3.60M
2018-08-29 11:55:23,1217.HK,0.019,0.025,0.019,0.021,3.60M
2018-08-29 11:55:25,1217.HK,0.019,0.025,0.019,0.021,3.60M
2018-08-29 11:55:28,1217.HK,0.019,0.025,0.019,0.021,3.60M
2018-08-29 11:55:30,1217.HK,0.019,0.025,0.019,0.021,3.60M
2018-08-29 11:55:33,1217.HK,0.019,0.025,0.019,0.021,3.60M
2018-08-29 11:55:36,1217.HK,0.019,0.025,0.019,0.021,3.60M
2018-08-29 11:55:39,1217.HK,0.019,0.025,0.019,0.021,3.60M
2018-08-29 11:55:45,1217.HK,0.019,0.025,0.019,0.021,3.60M
2018-08-29 11:55:48,1217.HK,0.019,0.025,0.019,0.021,3.60M
2018-08-29 11:55:50,1217.HK,0.019,0.025,0.019,0.021,3.60M
2018-08-29 11:55:55,1217.HK,0.019,0.025,0.019,0.021,3.60M
2018-08-29 11:56:03,1217.HK,0.019,0.025,0.019,0.021,3.60M
2018-08-29 11:56:06,1217.HK,0.019,0.025,0.019,0.021,3.60M
2018-08-29 11:56:16,1217.HK,0.019,0.025,0.019,0.021,3.60M
2018-08-29 11:56:23,1217.HK,0.019,0.025,0.019,0.021,3.60M
2018-08-29 11:56:26,1217.HK,0.019,0.025,0.019,0.021,3.60M
2018-08-29 11:56:29,1217.HK,0.019,0.025,0.019,0.021,3.60M
2018-08-29 11:56:32,1217.HK,0.019,0.025,0.019,0.021,3.60M
2018-08-29 11:56:35,1217.HK,0.019,0.025,0.019,0.021,3.60M
2018-08-29 11:56:38,1217.HK,0.019,0.025,0.019,0.021,3.60M
2018-08-29 11:56:43,1217.HK,0.019,0.025,0.019,0.021,3.60M
2018-08-29 11:56:46,1217.HK,0.019,0.025,0.019,0.021,3.60M
2018-08-29 11:56:50,1217.HK,0.019,0.025,0.019,0.021,3.60M
2018-08-29 11:56:53,1217.HK,0.019,0.025,0.019,0.021,3.60M
2018-08-29 11:56:56,1217.HK,0.019,0.025,0.019,0.021,3.60M
2018-08-29 11:56:59,1217.HK,0.019,0.025,0.019,0.021,3.60M
2018-08-29 11:57:01,1217.HK,0.019,0.025,0.019,0.021,3.60M
2018-08-29 11:57:04,1217.HK,0.019,0.025,0.019,0.021,3.60M
2018-08-29 11:57:12,1217.HK,0.019,0.025,0.019,0.021,3.60M
2018-08-29 11:57:14,1217.HK,0.019,0.025,0.019,0.021,3.60M
2018-08-29 11:57:19,1217.HK,0.019,0.025,0.019,0.021,3.60M
2018-08-29 11:57:22,1217.HK,0.019,0.025,0.019,0.021,3.60M
2018-08-29 11:57:25,1217.HK,0.019,0.025,0.019,0.021,3.60M
2018-08-29 11:57:28,1217.HK,0.019,0.025,0.019,0.021,3.60M
2018-08-29 11:57:30,1217.HK,0.019,0.025,0.019,0.021,3.60M
2018-08-29 11:57:33,1217.HK,0.019,0.025,0.019,0.021,3.60M
2018-08-29 11:57:36,1217.HK,0.019,0.025,0.019,0.021,3.60M
2018-08-29 11:57:39,1217.HK,0.019,0.025,0.019,0.021,3.60M
2018-08-29 11:57:43,1217.HK,0.019,0.025,0.019,0.021,3.60M
2018-08-29 11:57:46,1217.HK,0.019,0.025,0.019,0.021,3.60M
2018-08-29 11:57:49,1217.HK,0.019,0.025,0.019,0.021,3.60M
2018-08-29 11:57:52,1217.HK,0.019,0.025,0.019,0.021,3.60M
2018-08-29 11:57:55,1217.HK,0.019,0.025,0.019,0.021,3.60M
2018-08-29 11:57:58,1217.HK,0.019,0.025,0.019,0.021,3.60M
2018-08-29 11:58:01,1217.HK,0.019,0.025,0.019,0.021,3.60M
2018-08-29 11:58:04,1217.HK,0.019,0.025,0.019,0.021,3.60M
2018-08-29 11:58:07,1217.HK,0.019,0.025,0.019,0.021,3.60M
2018-08-29 11:58:11,1217.HK,0.019,0.025,0.019,0.021,3.60M
2018-08-29 11:58:16,1217.HK,0.019,0.025,0.019,0.021,3.60M
2018-08-29 11:58:23,1217.HK,0.019,0.025,0.019,0.021,3.60M
2018-08-29 11:58:26,1217.HK,0.019,0.025,0.019,0.021,3.60M
2018-08-29 11:58:28,1217.HK,0.019,0.025,0.019,0.021,3.60M
2018-08-29 11:58:33,1217.HK,0.019,0.025,0.019,0.021,3.60M
2018-08-29 11:58:37,1217.HK,0.019,0.025,0.019,0.021,3.60M
2018-08-29 11:58:40,1217.HK,0.019,0.025,0.019,0.021,3.60M
2018-08-29 11:58:43,1217.HK,0.019,0.025,0.019,0.021,3.60M
2018-08-29 11:58:46,1217.HK,0.019,0.025,0.019,0.021,3.60M
2018-08-29 11:58:49,1217.HK,0.019,0.025,0.019,0.021,3.60M
2018-08-29 11:58:51,1217.HK,0.019,0.025,0.019,0.021,3.60M
2018-08-29 11:58:55,1217.HK,0.019,0.025,0.019,0.021,3.60M
2018-08-29 11:58:59,1217.HK,0.019,0.025,0.019,0.021,3.60M
2018-08-29 11:59:02,1217.HK,0.019,0.025,0.019,0.021,3.60M
2018-08-29 11:59:04,1217.HK,0.019,0.025,0.019,0.021,3.60M
2018-08-29 11:59:07,1217.HK,0.019,0.025,0.019,0.021,3.60M
2018-08-29 11:59:10,1217.HK,0.019,0.025,0.019,0.021,3.60M
2018-08-29 11:59:13,1217.HK,0.019,0.025,0.019,0.021,3.60M
2018-08-29 11:59:15,1217.HK,0.019,0.025,0.019,0.021,3.60M
2018-08-29 11:59:19,1217.HK,0.019,0.025,0.019,0.021,3.60M
2018-08-29 11:59:23,1217.HK,0.019,0.025,0.019,0.021,3.60M
2018-08-29 11:59:26,1217.HK,0.019,0.025,0.019,0.021,3.60M
2018-08-29 11:59:29,1217.HK,0.019,0.025,0.019,0.021,3.60M
2018-08-29 11:59:32,1217.HK,0.019,0.025,0.019,0.021,3.60M
2018-08-29 11:59:35,1217.HK,0.019,0.025,0.019,0.021,3.60M
2018-08-29 11:59:37,1217.HK,0.019,0.025,0.019,0.021,3.60M
2018-08-29 11:59:40,1217.HK,0.019,0.025,0.019,0.021,3.60M
2018-08-29 11:59:42,1217.HK,0.019,0.025,0.019,0.021,3.60M
2018-08-29 11:59:46,1217.HK,0.019,0.025,0.019,0.021,3.60M
2018-08-29 11:59:50,1217.HK,0.019,0.025,0.019,0.021,3.60M
2018-08-29 11:59:57,1217.HK,0.019,0.025,0.019,0.021,3.60M
2018-08-29 12:00:03,1217.HK,0.019,0.025,0.019,0.021,3.60M
2018-08-29 12:00:06,1217.HK,0.019,0.025,0.019,0.021,3.60M
2018-08-29 12:00:09,1217.HK,0.019,0.025,0.019,0.021,3.60M
2018-08-29 12:00:13,1217.HK,0.019,0.025,0.019,0.021,3.60M
2018-08-29 12:00:16,1217.HK,0.019,0.025,0.019,0.021,3.60M
2018-08-29 12:00:20,1217.HK,0.019,0.025,0.019,0.021,3.60M
2018-08-29 12:00:24,1217.HK,0.019,0.025,0.019,0.021,3.60M
2018-08-29 12:00:27,1217.HK,0.019,0.025,0.019,0.021,3.60M
2018-08-29 12:00:31,1217.HK,0.019,0.025,0.019,0.021,3.60M
2018-08-29 12:00:34,1217.HK,0.019,0.025,0.019,0.021,3.60M
2018-08-29 12:00:37,1217.HK,0.019,0.025,0.019,0.021,3.60M
2018-08-29 12:00:40,1217.HK,0.019,0.025,0.019,0.021,3.60M
2018-08-29 12:00:44,1217.HK,0.019,0.025,0.019,0.021,3.60M
2018-08-29 12:00:47,1217.HK,0.019,0.025,0.019,0.021,3.60M
2018-08-29 12:00:50,1217.HK,0.019,0.025,0.019,0.021,3.60M
2018-08-29 12:00:52,1217.HK,0.019,0.025,0.019,0.021,3.60M
2018-08-29 12:00:55,1217.HK,0.019,0.025,0.019,0.021,3.60M
2018-08-29 12:00:58,1217.HK,0.019,0.025,0.019,0.021,3.60M
2018-08-29 12:01:01,1217.HK,0.019,0.025,0.019,0.021,3.60M
2018-08-29 12:01:03,1217.HK,0.019,0.025,0.019,0.021,3.60M
2018-08-29 12:01:06,1217.HK,0.019,0.025,0.019,0.021,3.60M
2018-08-29 12:01:08,1217.HK,0.019,0.025,0.019,0.021,3.60M
2018-08-29 12:01:15,1217.HK,0.019,0.025,0.019,0.021,3.60M
2018-08-29 12:01:20,1217.HK,0.019,0.025,0.019,0.021,3.60M
2018-08-29 12:01:22,1217.HK,0.019,0.025,0.019,0.021,3.60M
2018-08-29 12:01:26,1217.HK,0.019,0.025,0.019,0.021,3.60M
2018-08-29 12:01:29,1217.HK,0.019,0.025,0.019,0.021,3.60M
2018-08-29 12:01:32,1217.HK,0.019,0.025,0.019,0.021,3.60M
2018-08-29 12:01:35,1217.HK,0.019,0.025,0.019,0.021,3.60M
2018-08-29 12:01:39,1217.HK,0.019,0.025,0.019,0.021,3.60M
2018-08-29 12:01:44,1217.HK,0.019,0.025,0.019,0.021,3.60M
2018-08-29 12:01:51,1217.HK,0.019,0.025,0.019,0.021,3.60M
2018-08-29 12:01:55,1217.HK,0.019,0.025,0.019,0.021,3.60M
2018-08-29 12:01:58,1217.HK,0.019,0.025,0.019,0.021,3.60M
2018-08-29 12:02:05,1217.HK,0.019,0.025,0.019,0.021,3.60M
2018-08-29 12:02:08,1217.HK,0.019,0.025,0.019,0.021,3.60M
2018-08-29 12:02:10,1217.HK,0.019,0.025,0.019,0.021,3.60M
2018-08-29 12:02:16,1217.HK,0.019,0.025,0.019,0.021,3.60M
2018-08-29 12:02:19,1217.HK,0.019,0.025,0.019,0.021,3.60M
2018-08-29 12:02:24,1217.HK,0.019,0.025,0.019,0.021,3.60M
2018-08-29 12:02:27,1217.HK,0.019,0.025,0.019,0.021,3.60M
2018-08-29 12:02:30,1217.HK,0.019,0.025,0.019,0.021,3.60M
2018-08-29 12:02:33,1217.HK,0.019,0.025,0.019,0.021,3.60M
2018-08-29 12:02:36,1217.HK,0.019,0.025,0.019,0.021,3.60M
2018-08-29 12:02:38,1217.HK,0.019,0.025,0.019,0.021,3.60M
2018-08-29 12:02:41,1217.HK,0.019,0.025,0.019,0.021,3.60M
2018-08-29 12:02:44,1217.HK,0.019,0.025,0.019,0.021,3.60M
2018-08-29 12:02:47,1217.HK,0.019,0.025,0.019,0.021,3.60M
2018-08-29 12:02:50,1217.HK,0.019,0.025,0.019,0.021,3.60M
2018-08-29 12:02:54,1217.HK,0.019,0.025,0.019,0.021,3.60M
2018-08-29 12:02:57,1217.HK,0.019,0.025,0.019,0.021,3.60M
2018-08-29 12:03:00,1217.HK,0.019,0.025,0.019,0.021,3.60M
2018-08-29 12:03:03,1217.HK,0.019,0.025,0.019,0.021,3.60M
2018-08-29 12:03:06,1217.HK,0.019,0.025,0.019,0.021,3.60M
2018-08-29 12:03:12,1217.HK,0.019,0.025,0.019,0.021,3.60M
2018-08-29 12:03:15,1217.HK,0.019,0.025,0.019,0.021,3.60M
2018-08-29 12:03:18,1217.HK,0.019,0.025,0.019,0.021,3.60M
2018-08-29 12:03:22,1217.HK,0.019,0.025,0.019,0.021,3.60M
2018-08-29 12:03:25,1217.HK,0.019,0.025,0.019,0.021,3.60M
2018-08-29 12:03:28,1217.HK,0.019,0.025,0.019,0.021,3.60M
2018-08-29 12:03:31,1217.HK,0.019,0.025,0.019,0.021,3.60M
2018-08-29 12:03:36,1217.HK,0.019,0.025,0.019,0.021,3.60M
2018-08-29 12:03:40,1217.HK,0.019,0.025,0.019,0.021,3.60M
2018-08-29 12:03:44,1217.HK,0.019,0.025,0.019,0.021,3.60M
2018-08-29 12:03:48,1217.HK,0.019,0.025,0.019,0.021,3.60M
2018-08-29 12:03:51,1217.HK,0.019,0.025,0.019,0.021,3.60M
2018-08-29 12:04:00,1217.HK,0.019,0.025,0.019,0.021,3.60M
2018-08-29 12:04:03,1217.HK,0.019,0.025,0.019,0.021,3.60M
2018-08-29 12:04:05,1217.HK,0.019,0.025,0.019,0.021,3.60M
2018-08-29 12:04:10,1217.HK,0.019,0.025,0.019,0.021,3.60M
2018-08-29 12:04:13,1217.HK,0.019,0.025,0.019,0.021,3.60M
2018-08-29 12:04:16,1217.HK,0.019,0.025,0.019,0.021,3.60M
2018-08-29 12:04:20,1217.HK,0.019,0.025,0.019,0.021,3.60M
2018-08-29 12:04:23,1217.HK,0.019,0.025,0.019,0.021,3.60M
2018-08-29 12:04:26,1217.HK,0.019,0.025,0.019,0.021,3.60M
2018-08-29 12:04:29,1217.HK,0.019,0.025,0.019,0.021,3.60M
2018-08-29 12:04:32,1217.HK,0.019,0.025,0.019,0.021,3.60M
2018-08-29 12:04:35,1217.HK,0.019,0.025,0.019,0.021,3.60M
2018-08-29 12:04:39,1217.HK,0.019,0.025,0.019,0.021,3.60M
2018-08-29 12:04:42,1217.HK,0.019,0.025,0.019,0.021,3.60M
2018-08-29 12:04:45,1217.HK,0.019,0.025,0.019,0.021,3.60M
2018-08-29 12:04:48,1217.HK,0.019,0.025,0.019,0.021,3.60M
2018-08-29 12:04:54,1217.HK,0.019,0.025,0.019,0.021,3.60M
2018-08-29 12:04:57,1217.HK,0.019,0.025,0.019,0.021,3.60M
2018-08-29 12:05:01,1217.HK,0.019,0.025,0.019,0.021,3.60M
2018-08-29 12:05:04,1217.HK,0.019,0.025,0.019,0.021,3.60M
2018-08-29 12:05:07,1217.HK,0.019,0.025,0.019,0.021,3.60M
2018-08-29 12:05:10,1217.HK,0.019,0.025,0.019,0.021,3.60M
2018-08-29 12:05:13,1217.HK,0.019,0.025,0.019,0.021,3.60M
2018-08-29 12:05:24,1217.HK,0.019,0.025,0.019,0.021,3.60M
2018-08-29 12:05:28,1217.HK,0.019,0.025,0.019,0.021,3.60M
2018-08-29 12:05:31,1217.HK,0.019,0.025,0.019,0.021,3.60M
2018-08-29 12:05:34,1217.HK,0.019,0.025,0.019,0.021,3.60M
2018-08-29 12:05:37,1217.HK,0.019,0.025,0.019,0.021,3.60M
2018-08-29 12:05:40,1217.HK,0.019,0.025,0.019,0.021,3.60M
2018-08-29 12:05:44,1217.HK,0.019,0.025,0.019,0.021,3.60M
2018-08-29 12:05:47,1217.HK,0.019,0.025,0.019,0.021,3.60M
2018-08-29 12:05:50,1217.HK,0.019,0.025,0.019,0.021,3.60M
2018-08-29 12:05:52,1217.HK,0.019,0.025,0.019,0.021,3.60M
2018-08-29 12:05:56,1217.HK,0.019,0.025,0.019,0.021,3.60M
2018-08-29 12:06:07,1217.HK,0.019,0.025,0.019,0.021,3.60M
2018-08-29 12:06:13,1217.HK,0.019,0.025,0.019,0.021,3.60M
2018-08-29 12:06:16,1217.HK,0.019,0.025,0.019,0.021,3.60M
2018-08-29 12:06:24,1217.HK,0.019,0.025,0.019,0.021,3.60M
2018-08-29 12:06:27,1217.HK,0.019,0.025,0.019,0.021,3.60M
2018-08-29 12:06:31,1217.HK,0.019,0.025,0.019,0.021,3.60M
2018-08-29 12:06:34,1217.HK,0.019,0.025,0.019,0.021,3.60M
2018-08-29 12:06:37,1217.HK,0.019,0.025,0.019,0.021,3.60M
2018-08-29 12:06:41,1217.HK,0.019,0.025,0.019,0.021,3.60M
2018-08-29 12:06:44,1217.HK,0.019,0.025,0.019,0.021,3.60M
2018-08-29 12:06:47,1217.HK,0.019,0.025,0.019,0.021,3.60M
2018-08-29 12:06:51,1217.HK,0.019,0.025,0.019,0.021,3.60M
2018-08-29 12:06:54,1217.HK,0.019,0.025,0.019,0.021,3.60M
2018-08-29 12:06:57,1217.HK,0.019,0.025,0.019,0.021,3.60M
2018-08-29 12:07:00,1217.HK,0.019,0.025,0.019,0.021,3.60M
2018-08-29 12:07:03,1217.HK,0.019,0.025,0.019,0.021,3.60M
2018-08-29 12:07:07,1217.HK,0.019,0.025,0.019,0.021,3.60M
2018-08-29 12:07:12,1217.HK,0.019,0.025,0.019,0.021,3.60M
2018-08-29 12:07:20,1217.HK,0.019,0.025,0.019,0.021,3.60M
2018-08-29 12:07:28,1217.HK,0.019,0.025,0.019,0.021,3.60M
2018-08-29 12:07:33,1217.HK,0.019,0.025,0.019,0.021,3.60M
2018-08-29 12:07:39,1217.HK,0.019,0.025,0.019,0.021,3.60M
2018-08-29 12:07:44,1217.HK,0.019,0.025,0.019,0.021,3.60M
2018-08-29 12:07:47,1217.HK,0.019,0.025,0.019,0.021,3.60M
2018-08-29 12:07:51,1217.HK,0.019,0.025,0.019,0.021,3.60M
2018-08-29 12:07:55,1217.HK,0.019,0.025,0.019,0.021,3.60M
2018-08-29 12:07:58,1217.HK,0.019,0.025,0.019,0.021,3.60M
2018-08-29 12:08:02,1217.HK,0.019,0.025,0.019,0.021,3.60M
2018-08-29 12:08:13,1217.HK,0.019,0.025,0.019,0.021,3.60M
2018-08-29 12:08:20,1217.HK,0.019,0.025,0.019,0.021,3.60M
2018-08-29 12:08:26,1217.HK,0.019,0.025,0.019,0.021,3.60M
2018-08-29 12:08:30,1217.HK,0.019,0.025,0.019,0.021,3.60M
2018-08-29 12:08:33,1217.HK,0.019,0.025,0.019,0.021,3.60M
2018-08-29 12:08:37,1217.HK,0.019,0.025,0.019,0.021,3.60M
2018-08-29 12:08:41,1217.HK,0.019,0.025,0.019,0.021,3.60M
2018-08-29 12:08:44,1217.HK,0.019,0.025,0.019,0.021,3.60M
2018-08-29 12:08:46,1217.HK,0.019,0.025,0.019,0.021,3.60M
2018-08-29 12:08:50,1217.HK,0.019,0.025,0.019,0.021,3.60M
2018-08-29 12:08:54,1217.HK,0.019,0.025,0.019,0.021,3.60M
2018-08-29 12:08:58,1217.HK,0.019,0.025,0.019,0.021,3.60M
2018-08-29 12:09:02,1217.HK,0.019,0.025,0.019,0.021,3.60M
2018-08-29 12:09:07,1217.HK,0.019,0.025,0.019,0.021,3.60M
2018-08-29 12:09:12,1217.HK,0.019,0.025,0.019,0.021,3.60M
2018-08-29 12:09:15,1217.HK,0.019,0.025,0.019,0.021,3.60M
2018-08-29 12:09:18,1217.HK,0.019,0.025,0.019,0.021,3.60M
2018-08-29 12:09:21,1217.HK,0.019,0.025,0.019,0.021,3.60M
2018-08-29 12:09:27,1217.HK,0.019,0.025,0.019,0.021,3.60M
2018-08-29 12:09:30,1217.HK,0.019,0.025,0.019,0.021,3.60M
2018-08-29 12:09:34,1217.HK,0.019,0.025,0.019,0.021,3.60M
2018-08-29 12:09:38,1217.HK,0.019,0.025,0.019,0.021,3.60M
2018-08-29 12:09:41,1217.HK,0.019,0.025,0.019,0.021,3.60M
2018-08-29 12:09:45,1217.HK,0.019,0.025,0.019,0.021,3.60M
2018-08-29 12:09:48,1217.HK,0.019,0.025,0.019,0.021,3.60M
2018-08-29 12:09:50,1217.HK,0.019,0.025,0.019,0.021,3.60M
2018-08-29 12:09:53,1217.HK,0.019,0.025,0.019,0.021,3.60M
2018-08-29 12:09:56,1217.HK,0.019,0.025,0.019,0.021,3.60M
2018-08-29 12:10:03,1217.HK,0.019,0.025,0.019,0.021,3.60M
2018-08-29 12:10:06,1217.HK,0.019,0.025,0.019,0.021,3.60M
2018-08-29 12:10:08,1217.HK,0.019,0.025,0.019,0.021,3.60M
2018-08-29 12:10:13,1217.HK,0.019,0.025,0.019,0.021,3.60M
2018-08-29 12:10:17,1217.HK,0.019,0.025,0.019,0.021,3.60M
2018-08-29 12:10:20,1217.HK,0.019,0.025,0.019,0.021,3.60M
2018-08-29 12:10:23,1217.HK,0.019,0.025,0.019,0.021,3.60M
2018-08-29 12:10:25,1217.HK,0.019,0.025,0.019,0.021,3.60M
2018-08-29 12:10:29,1217.HK,0.019,0.025,0.019,0.021,3.60M
2018-08-29 12:10:32,1217.HK,0.019,0.025,0.019,0.021,3.60M
2018-08-29 12:10:34,1217.HK,0.019,0.025,0.019,0.021,3.60M
2018-08-29 12:10:37,1217.HK,0.019,0.025,0.019,0.021,3.60M
2018-08-29 12:10:42,1217.HK,0.019,0.025,0.019,0.021,3.60M
2018-08-29 12:10:45,1217.HK,0.019,0.025,0.019,0.021,3.60M
2018-08-29 12:10:48,1217.HK,0.019,0.025,0.019,0.021,3.60M
2018-08-29 12:10:50,1217.HK,0.019,0.025,0.019,0.021,3.60M
2018-08-29 12:10:53,1217.HK,0.019,0.025,0.019,0.021,3.60M
2018-08-29 12:10:58,1217.HK,0.019,0.025,0.019,0.021,3.60M
2018-08-29 12:11:01,1217.HK,0.019,0.025,0.019,0.021,3.60M
2018-08-29 12:11:04,1217.HK,0.019,0.025,0.019,0.021,3.60M
2018-08-29 12:11:07,1217.HK,0.019,0.025,0.019,0.021,3.60M
2018-08-29 12:11:10,1217.HK,0.019,0.025,0.019,0.021,3.60M
2018-08-29 12:11:13,1217.HK,0.019,0.025,0.019,0.021,3.60M
2018-08-29 12:11:15,1217.HK,0.019,0.025,0.019,0.021,3.60M
2018-08-29 12:11:19,1217.HK,0.019,0.025,0.019,0.021,3.60M
2018-08-29 12:11:22,1217.HK,0.019,0.025,0.019,0.021,3.60M
2018-08-29 12:11:25,1217.HK,0.019,0.025,0.019,0.021,3.60M
2018-08-29 12:11:27,1217.HK,0.019,0.025,0.019,0.021,3.60M
2018-08-29 12:11:30,1217.HK,0.019,0.025,0.019,0.021,3.60M
2018-08-29 12:11:32,1217.HK,0.019,0.025,0.019,0.021,3.60M
2018-08-29 12:11:36,1217.HK,0.019,0.025,0.019,0.021,3.60M
2018-08-29 12:11:39,1217.HK,0.019,0.025,0.019,0.021,3.60M
2018-08-29 12:11:41,1217.HK,0.019,0.025,0.019,0.021,3.60M
2018-08-29 12:11:45,1217.HK,0.019,0.025,0.019,0.021,3.60M
2018-08-29 12:11:47,1217.HK,0.019,0.025,0.019,0.021,3.60M
2018-08-29 12:11:51,1217.HK,0.019,0.025,0.019,0.021,3.60M
2018-08-29 12:11:56,1217.HK,0.019,0.025,0.019,0.021,3.60M
2018-08-29 12:12:08,1217.HK,0.019,0.025,0.019,0.021,3.60M
2018-08-29 12:12:11,1217.HK,0.019,0.025,0.019,0.021,3.60M
2018-08-29 12:12:15,1217.HK,0.019,0.025,0.019,0.021,3.60M
2018-08-29 12:12:18,1217.HK,0.019,0.025,0.019,0.021,3.60M
2018-08-29 12:12:22,1217.HK,0.019,0.025,0.019,0.021,3.60M
2018-08-29 12:12:26,1217.HK,0.019,0.025,0.019,0.021,3.60M
2018-08-29 12:12:29,1217.HK,0.019,0.025,0.019,0.021,3.60M
2018-08-29 12:12:32,1217.HK,0.019,0.025,0.019,0.021,3.60M
2018-08-29 12:12:36,1217.HK,0.019,0.025,0.019,0.021,3.60M
2018-08-29 12:12:39,1217.HK,0.019,0.025,0.019,0.021,3.60M
2018-08-29 12:12:43,1217.HK,0.019,0.025,0.019,0.021,3.60M
2018-08-29 12:12:49,1217.HK,0.019,0.025,0.019,0.021,3.60M
2018-08-29 12:12:52,1217.HK,0.019,0.025,0.019,0.021,3.60M
2018-08-29 12:12:56,1217.HK,0.019,0.025,0.019,0.021,3.60M
2018-08-29 12:13:02,1217.HK,0.019,0.025,0.019,0.021,3.60M
2018-08-29 12:13:05,1217.HK,0.019,0.025,0.019,0.021,3.60M
2018-08-29 12:13:08,1217.HK,0.019,0.025,0.019,0.021,3.60M
2018-08-29 12:13:19,1217.HK,0.019,0.025,0.019,0.021,3.60M
2018-08-29 12:13:23,1217.HK,0.019,0.025,0.019,0.021,3.60M
2018-08-29 12:13:26,1217.HK,0.019,0.025,0.019,0.021,3.60M
2018-08-29 12:13:34,1217.HK,0.019,0.025,0.019,0.021,3.60M
2018-08-29 12:13:40,1217.HK,0.019,0.025,0.019,0.021,3.60M
2018-08-29 12:13:45,1217.HK,0.019,0.025,0.019,0.021,3.60M
2018-08-29 12:13:48,1217.HK,0.019,0.025,0.019,0.021,3.60M
2018-08-29 12:13:51,1217.HK,0.019,0.025,0.019,0.021,3.60M
2018-08-29 12:13:55,1217.HK,0.019,0.025,0.019,0.021,3.60M
2018-08-29 12:13:59,1217.HK,0.019,0.025,0.019,0.021,3.60M
2018-08-29 12:14:05,1217.HK,0.019,0.025,0.019,0.021,3.60M
2018-08-29 12:14:15,1217.HK,0.019,0.025,0.019,0.021,3.60M
2018-08-29 12:14:19,1217.HK,0.019,0.025,0.019,0.021,3.60M
2018-08-29 12:14:25,1217.HK,0.019,0.025,0.019,0.021,3.60M
2018-08-29 12:14:29,1217.HK,0.019,0.025,0.019,0.021,3.60M
2018-08-29 12:14:33,1217.HK,0.019,0.025,0.019,0.021,3.60M
2018-08-29 12:14:37,1217.HK,0.019,0.025,0.019,0.021,3.60M
2018-08-29 12:14:44,1217.HK,0.019,0.025,0.019,0.021,3.60M
2018-08-29 12:14:48,1217.HK,0.019,0.025,0.019,0.021,3.60M
2018-08-29 12:14:52,1217.HK,0.019,0.025,0.019,0.021,3.60M
2018-08-29 12:14:56,1217.HK,0.019,0.025,0.019,0.021,3.60M
2018-08-29 12:15:00,1217.HK,0.019,0.025,0.019,0.021,3.60M
2018-08-29 12:15:05,1217.HK,0.019,0.025,0.019,0.021,3.60M
2018-08-29 12:15:12,1217.HK,0.019,0.025,0.019,0.021,3.60M
2018-08-29 12:15:22,1217.HK,0.019,0.025,0.019,0.021,3.60M
2018-08-29 12:15:25,1217.HK,0.019,0.025,0.019,0.021,3.60M
2018-08-29 12:15:28,1217.HK,0.019,0.025,0.019,0.021,3.60M
2018-08-29 12:15:31,1217.HK,0.019,0.025,0.019,0.021,3.60M
2018-08-29 12:15:35,1217.HK,0.019,0.025,0.019,0.021,3.60M
2018-08-29 12:15:38,1217.HK,0.019,0.025,0.019,0.021,3.60M
2018-08-29 12:15:43,1217.HK,0.019,0.025,0.019,0.021,3.60M
2018-08-29 12:15:47,1217.HK,0.019,0.025,0.019,0.021,3.60M
2018-08-29 12:15:51,1217.HK,0.019,0.025,0.019,0.021,3.60M
2018-08-29 12:15:55,1217.HK,0.019,0.025,0.019,0.021,3.60M
2018-08-29 12:16:09,1217.HK,0.019,0.025,0.019,0.021,3.60M
2018-08-29 12:16:14,1217.HK,0.019,0.025,0.019,0.021,3.60M
2018-08-29 12:16:18,1217.HK,0.019,0.025,0.019,0.021,3.60M
2018-08-29 12:16:23,1217.HK,0.019,0.025,0.019,0.021,3.60M
2018-08-29 12:16:30,1217.HK,0.019,0.025,0.019,0.021,3.60M
2018-08-29 12:16:34,1217.HK,0.019,0.025,0.019,0.021,3.60M
2018-08-29 12:16:38,1217.HK,0.019,0.025,0.019,0.021,3.60M
2018-08-29 12:16:41,1217.HK,0.019,0.025,0.019,0.021,3.60M
2018-08-29 12:16:47,1217.HK,0.019,0.025,0.019,0.021,3.60M
2018-08-29 12:16:50,1217.HK,0.019,0.025,0.019,0.021,3.60M
2018-08-29 12:16:54,1217.HK,0.019,0.025,0.019,0.021,3.60M
2018-08-29 12:16:59,1217.HK,0.019,0.025,0.019,0.021,3.60M
2018-08-29 12:17:04,1217.HK,0.019,0.025,0.019,0.021,3.60M
2018-08-29 12:17:10,1217.HK,0.019,0.025,0.019,0.021,3.60M
2018-08-29 12:17:14,1217.HK,0.019,0.025,0.019,0.021,3.60M
2018-08-29 12:17:19,1217.HK,0.019,0.025,0.019,0.021,3.60M
2018-08-29 12:17:23,1217.HK,0.019,0.025,0.019,0.021,3.60M
2018-08-29 12:17:28,1217.HK,0.019,0.025,0.019,0.021,3.60M
2018-08-29 12:17:32,1217.HK,0.019,0.025,0.019,0.021,3.60M
2018-08-29 12:17:36,1217.HK,0.019,0.025,0.019,0.021,3.60M
2018-08-29 12:17:40,1217.HK,0.019,0.025,0.019,0.021,3.60M
2018-08-29 12:17:46,1217.HK,0.019,0.025,0.019,0.021,3.60M
2018-08-29 12:17:49,1217.HK,0.019,0.025,0.019,0.021,3.60M
2018-08-29 12:17:55,1217.HK,0.019,0.025,0.019,0.021,3.60M
2018-08-29 12:18:12,1217.HK,0.019,0.025,0.019,0.021,3.60M
2018-08-29 12:18:18,1217.HK,0.019,0.025,0.019,0.021,3.60M
2018-08-29 12:18:22,1217.HK,0.019,0.025,0.019,0.021,3.60M
2018-08-29 12:18:26,1217.HK,0.019,0.025,0.019,0.021,3.60M
2018-08-29 12:18:29,1217.HK,0.019,0.025,0.019,0.021,3.60M
2018-08-29 12:18:34,1217.HK,0.019,0.025,0.019,0.021,3.60M
2018-08-29 12:18:38,1217.HK,0.019,0.025,0.019,0.021,3.60M
2018-08-29 12:18:42,1217.HK,0.019,0.025,0.019,0.021,3.60M
2018-08-29 12:18:47,1217.HK,0.019,0.025,0.019,0.021,3.60M
2018-08-29 12:18:51,1217.HK,0.019,0.025,0.019,0.021,3.60M
2018-08-29 12:18:55,1217.HK,0.019,0.025,0.019,0.021,3.60M
2018-08-29 12:18:59,1217.HK,0.019,0.025,0.019,0.021,3.60M
2018-08-29 12:19:03,1217.HK,0.019,0.025,0.019,0.021,3.60M
2018-08-29 12:19:10,1217.HK,0.019,0.025,0.019,0.021,3.60M
2018-08-29 12:19:16,1217.HK,0.019,0.025,0.019,0.021,3.60M
2018-08-29 12:19:20,1217.HK,0.019,0.025,0.019,0.021,3.60M
2018-08-29 12:19:24,1217.HK,0.019,0.025,0.019,0.021,3.60M
2018-08-29 12:19:28,1217.HK,0.019,0.025,0.019,0.021,3.60M
2018-08-29 12:19:31,1217.HK,0.019,0.025,0.019,0.021,3.60M
2018-08-29 12:19:35,1217.HK,0.019,0.025,0.019,0.021,3.60M
2018-08-29 12:19:38,1217.HK,0.019,0.025,0.019,0.021,3.60M
2018-08-29 12:19:43,1217.HK,0.019,0.025,0.019,0.021,3.60M
2018-08-29 12:19:48,1217.HK,0.019,0.025,0.019,0.021,3.60M
2018-08-29 12:19:52,1217.HK,0.019,0.025,0.019,0.021,3.60M
2018-08-29 12:19:57,1217.HK,0.019,0.025,0.019,0.021,3.60M
2018-08-29 12:20:00,1217.HK,0.019,0.025,0.019,0.021,3.60M
2018-08-29 12:20:13,1217.HK,0.019,0.025,0.019,0.021,3.60M
2018-08-29 12:20:18,1217.HK,0.019,0.025,0.019,0.021,3.60M
2018-08-29 12:20:23,1217.HK,0.019,0.025,0.019,0.021,3.60M
2018-08-29 12:20:26,1217.HK,0.019,0.025,0.019,0.021,3.60M
2018-08-29 12:20:30,1217.HK,0.019,0.025,0.019,0.021,3.60M
2018-08-29 12:20:33,1217.HK,0.019,0.025,0.019,0.021,3.60M
2018-08-29 12:20:37,1217.HK,0.019,0.025,0.019,0.021,3.60M
2018-08-29 12:20:40,1217.HK,0.019,0.025,0.019,0.021,3.60M
2018-08-29 12:20:44,1217.HK,0.019,0.025,0.019,0.021,3.60M
2018-08-29 12:20:47,1217.HK,0.019,0.025,0.019,0.021,3.60M
2018-08-29 12:20:50,1217.HK,0.019,0.025,0.019,0.021,3.60M
2018-08-29 12:20:54,1217.HK,0.019,0.025,0.019,0.021,3.60M
2018-08-29 12:20:59,1217.HK,0.019,0.025,0.019,0.021,3.60M
2018-08-29 12:21:03,1217.HK,0.019,0.025,0.019,0.021,3.60M
2018-08-29 12:21:11,1217.HK,0.019,0.025,0.019,0.021,3.60M
2018-08-29 12:21:15,1217.HK,0.019,0.025,0.019,0.021,3.60M
2018-08-29 12:21:18,1217.HK,0.019,0.025,0.019,0.021,3.60M
2018-08-29 12:21:27,1217.HK,0.019,0.025,0.019,0.021,3.60M
2018-08-29 12:21:31,1217.HK,0.019,0.025,0.019,0.021,3.60M
2018-08-29 12:21:35,1217.HK,0.019,0.025,0.019,0.021,3.60M
2018-08-29 12:21:39,1217.HK,0.019,0.025,0.019,0.021,3.60M
2018-08-29 12:21:42,1217.HK,0.019,0.025,0.019,0.021,3.60M
2018-08-29 12:21:48,1217.HK,0.019,0.025,0.019,0.021,3.60M
2018-08-29 12:21:52,1217.HK,0.019,0.025,0.019,0.021,3.60M
2018-08-29 12:21:57,1217.HK,0.019,0.025,0.019,0.021,3.60M
2018-08-29 12:22:05,1217.HK,0.019,0.025,0.019,0.021,3.60M
2018-08-29 12:22:10,1217.HK,0.019,0.025,0.019,0.021,3.60M
2018-08-29 12:22:23,1217.HK,0.019,0.025,0.019,0.021,3.60M
2018-08-29 12:22:27,1217.HK,0.019,0.025,0.019,0.021,3.60M
2018-08-29 12:22:30,1217.HK,0.019,0.025,0.019,0.021,3.60M
2018-08-29 12:22:34,1217.HK,0.019,0.025,0.019,0.021,3.60M
2018-08-29 12:22:38,1217.HK,0.019,0.025,0.019,0.021,3.60M
2018-08-29 12:22:41,1217.HK,0.019,0.025,0.019,0.021,3.60M
2018-08-29 12:22:47,1217.HK,0.019,0.025,0.019,0.021,3.60M
2018-08-29 12:22:51,1217.HK,0.019,0.025,0.019,0.021,3.60M
2018-08-29 12:22:55,1217.HK,0.019,0.025,0.019,0.021,3.60M
2018-08-29 12:22:59,1217.HK,0.019,0.025,0.019,0.021,3.60M
2018-08-29 12:23:02,1217.HK,0.019,0.025,0.019,0.021,3.60M
2018-08-29 12:23:06,1217.HK,0.019,0.025,0.019,0.021,3.60M
2018-08-29 12:23:14,1217.HK,0.019,0.025,0.019,0.021,3.60M
2018-08-29 12:23:25,1217.HK,0.019,0.025,0.019,0.021,3.60M
2018-08-29 12:23:28,1217.HK,0.019,0.025,0.019,0.021,3.60M
2018-08-29 12:23:32,1217.HK,0.019,0.025,0.019,0.021,3.60M
2018-08-29 12:23:36,1217.HK,0.019,0.025,0.019,0.021,3.60M
2018-08-29 12:23:41,1217.HK,0.019,0.025,0.019,0.021,3.60M
2018-08-29 12:23:46,1217.HK,0.019,0.025,0.019,0.021,3.60M
2018-08-29 12:23:51,1217.HK,0.019,0.025,0.019,0.021,3.60M
2018-08-29 12:24:02,1217.HK,0.019,0.025,0.019,0.021,3.60M
2018-08-29 12:24:14,1217.HK,0.019,0.025,0.019,0.021,3.60M
2018-08-29 12:24:19,1217.HK,0.019,0.025,0.019,0.021,3.60M
2018-08-29 12:24:25,1217.HK,0.019,0.025,0.019,0.021,3.60M
2018-08-29 12:24:32,1217.HK,0.019,0.025,0.019,0.021,3.60M
2018-08-29 12:24:36,1217.HK,0.019,0.025,0.019,0.021,3.60M
2018-08-29 12:24:40,1217.HK,0.019,0.025,0.019,0.021,3.60M
2018-08-29 12:24:43,1217.HK,0.019,0.025,0.019,0.021,3.60M
2018-08-29 12:24:48,1217.HK,0.019,0.025,0.019,0.021,3.60M
2018-08-29 12:24:52,1217.HK,0.019,0.025,0.019,0.021,3.60M
2018-08-29 12:24:56,1217.HK,0.019,0.025,0.019,0.021,3.60M
2018-08-29 12:25:00,1217.HK,0.019,0.025,0.019,0.021,3.60M
2018-08-29 12:25:06,1217.HK,0.019,0.025,0.019,0.021,3.60M
2018-08-29 12:25:13,1217.HK,0.019,0.025,0.019,0.021,3.60M
2018-08-29 12:25:18,1217.HK,0.019,0.025,0.019,0.021,3.60M
2018-08-29 12:25:22,1217.HK,0.019,0.025,0.019,0.021,3.60M
2018-08-29 12:25:26,1217.HK,0.019,0.025,0.019,0.021,3.60M
2018-08-29 12:25:33,1217.HK,0.019,0.025,0.019,0.021,3.60M
2018-08-29 12:25:37,1217.HK,0.019,0.025,0.019,0.021,3.60M
2018-08-29 12:25:41,1217.HK,0.019,0.025,0.019,0.021,3.60M
2018-08-29 12:25:45,1217.HK,0.019,0.025,0.019,0.021,3.60M
2018-08-29 12:25:49,1217.HK,0.019,0.025,0.019,0.021,3.60M
2018-08-29 12:25:56,1217.HK,0.019,0.025,0.019,0.021,3.60M
2018-08-29 12:25:59,1217.HK,0.019,0.025,0.019,0.021,3.60M
2018-08-29 12:26:04,1217.HK,0.019,0.025,0.019,0.021,3.60M
2018-08-29 12:26:12,1217.HK,0.019,0.025,0.019,0.021,3.60M
2018-08-29 12:26:17,1217.HK,0.019,0.025,0.019,0.021,3.60M
2018-08-29 12:26:28,1217.HK,0.019,0.025,0.019,0.021,3.60M
2018-08-29 12:26:32,1217.HK,0.019,0.025,0.019,0.021,3.60M
2018-08-29 12:26:36,1217.HK,0.019,0.025,0.019,0.021,3.60M
2018-08-29 12:26:41,1217.HK,0.019,0.025,0.019,0.021,3.60M
2018-08-29 12:26:47,1217.HK,0.019,0.025,0.019,0.021,3.60M
2018-08-29 12:26:53,1217.HK,0.019,0.025,0.019,0.021,3.60M
2018-08-29 12:26:59,1217.HK,0.019,0.025,0.019,0.021,3.60M
2018-08-29 12:27:04,1217.HK,0.019,0.025,0.019,0.021,3.60M
2018-08-29 12:27:08,1217.HK,0.019,0.025,0.019,0.021,3.60M
2018-08-29 12:27:14,1217.HK,0.019,0.025,0.019,0.021,3.60M
2018-08-29 12:27:18,1217.HK,0.019,0.025,0.019,0.021,3.60M
2018-08-29 12:27:22,1217.HK,0.019,0.025,0.019,0.021,3.60M
2018-08-29 12:27:29,1217.HK,0.019,0.025,0.019,0.021,3.60M
2018-08-29 12:27:33,1217.HK,0.019,0.025,0.019,0.021,3.60M
2018-08-29 12:27:40,1217.HK,0.019,0.025,0.019,0.021,3.60M
2018-08-29 12:27:44,1217.HK,0.019,0.025,0.019,0.021,3.60M
2018-08-29 12:27:48,1217.HK,0.019,0.025,0.019,0.021,3.60M
2018-08-29 12:27:52,1217.HK,0.019,0.025,0.019,0.021,3.60M
2018-08-29 12:27:58,1217.HK,0.019,0.025,0.019,0.021,3.60M
2018-08-29 12:28:03,1217.HK,0.019,0.025,0.019,0.021,3.60M
2018-08-29 12:28:10,1217.HK,0.019,0.025,0.019,0.021,3.60M
2018-08-29 12:28:14,1217.HK,0.019,0.025,0.019,0.021,3.60M
2018-08-29 12:28:18,1217.HK,0.019,0.025,0.019,0.021,3.60M
2018-08-29 12:28:23,1217.HK,0.019,0.025,0.019,0.021,3.60M
2018-08-29 12:28:27,1217.HK,0.019,0.025,0.019,0.021,3.60M
2018-08-29 12:28:31,1217.HK,0.019,0.025,0.019,0.021,3.60M
2018-08-29 12:28:35,1217.HK,0.019,0.025,0.019,0.021,3.60M
2018-08-29 12:28:40,1217.HK,0.019,0.025,0.019,0.021,3.60M
2018-08-29 12:28:46,1217.HK,0.019,0.025,0.019,0.021,3.60M
2018-08-29 12:28:57,1217.HK,0.019,0.025,0.019,0.021,3.60M
2018-08-29 12:29:01,1217.HK,0.019,0.025,0.019,0.021,3.60M
2018-08-29 12:29:05,1217.HK,0.019,0.025,0.019,0.021,3.60M
2018-08-29 12:29:09,1217.HK,0.019,0.025,0.019,0.021,3.60M
2018-08-29 12:29:12,1217.HK,0.019,0.025,0.019,0.021,3.60M
2018-08-29 12:29:16,1217.HK,0.019,0.025,0.019,0.021,3.60M
2018-08-29 12:29:20,1217.HK,0.019,0.025,0.019,0.021,3.60M
2018-08-29 12:29:24,1217.HK,0.019,0.025,0.019,0.021,3.60M
2018-08-29 12:29:28,1217.HK,0.019,0.025,0.019,0.021,3.60M
2018-08-29 12:29:32,1217.HK,0.019,0.025,0.019,0.021,3.60M
2018-08-29 12:29:35,1217.HK,0.019,0.025,0.019,0.021,3.60M
2018-08-29 12:29:39,1217.HK,0.019,0.025,0.019,0.021,3.60M
2018-08-29 12:29:44,1217.HK,0.019,0.025,0.019,0.021,3.60M
2018-08-29 12:29:48,1217.HK,0.019,0.025,0.019,0.021,3.60M
2018-08-29 12:30:01,1217.HK,0.019,0.025,0.019,0.021,3.60M
2018-08-29 12:30:07,1217.HK,0.019,0.025,0.019,0.021,3.60M
2018-08-29 12:30:11,1217.HK,0.019,0.025,0.019,0.021,3.60M
2018-08-29 12:30:19,1217.HK,0.019,0.025,0.019,0.021,3.60M
2018-08-29 12:30:24,1217.HK,0.019,0.025,0.019,0.021,3.60M
2018-08-29 12:30:28,1217.HK,0.019,0.025,0.019,0.021,3.60M
2018-08-29 12:30:32,1217.HK,0.019,0.025,0.019,0.021,3.60M
2018-08-29 12:30:36,1217.HK,0.019,0.025,0.019,0.021,3.60M
2018-08-29 12:30:40,1217.HK,0.019,0.025,0.019,0.021,3.60M
2018-08-29 12:30:49,1217.HK,0.019,0.025,0.019,0.021,3.60M
2018-08-29 12:30:53,1217.HK,0.019,0.025,0.019,0.021,3.60M
2018-08-29 12:30:57,1217.HK,0.019,0.025,0.019,0.021,3.60M
2018-08-29 12:31:01,1217.HK,0.019,0.025,0.019,0.021,3.60M
2018-08-29 12:31:08,1217.HK,0.019,0.025,0.019,0.021,3.60M
2018-08-29 12:31:13,1217.HK,0.019,0.025,0.019,0.021,3.60M
2018-08-29 12:31:16,1217.HK,0.019,0.025,0.019,0.021,3.60M
2018-08-29 12:31:20,1217.HK,0.019,0.025,0.019,0.021,3.60M
2018-08-29 12:31:24,1217.HK,0.019,0.025,0.019,0.021,3.60M
2018-08-29 12:31:27,1217.HK,0.019,0.025,0.019,0.021,3.60M
2018-08-29 12:31:31,1217.HK,0.019,0.025,0.019,0.021,3.60M
2018-08-29 12:31:37,1217.HK,0.019,0.025,0.019,0.021,3.60M
2018-08-29 12:31:41,1217.HK,0.019,0.025,0.019,0.021,3.60M
2018-08-29 12:31:45,1217.HK,0.019,0.025,0.019,0.021,3.60M
2018-08-29 12:31:49,1217.HK,0.019,0.025,0.019,0.021,3.60M
2018-08-29 12:31:53,1217.HK,0.019,0.025,0.019,0.021,3.60M
2018-08-29 12:31:58,1217.HK,0.019,0.025,0.019,0.021,3.60M
2018-08-29 12:32:06,1217.HK,0.019,0.025,0.019,0.021,3.60M
2018-08-29 12:32:12,1217.HK,0.019,0.025,0.019,0.021,3.60M
2018-08-29 12:32:18,1217.HK,0.019,0.025,0.019,0.021,3.60M
2018-08-29 12:32:21,1217.HK,0.019,0.025,0.019,0.021,3.60M
2018-08-29 12:32:25,1217.HK,0.019,0.025,0.019,0.021,3.60M
2018-08-29 12:32:28,1217.HK,0.019,0.025,0.019,0.021,3.60M
2018-08-29 12:32:32,1217.HK,0.019,0.025,0.019,0.021,3.60M
2018-08-29 12:32:35,1217.HK,0.019,0.025,0.019,0.021,3.60M
2018-08-29 12:32:38,1217.HK,0.019,0.025,0.019,0.021,3.60M
2018-08-29 12:32:42,1217.HK,0.019,0.025,0.019,0.021,3.60M
2018-08-29 12:32:46,1217.HK,0.019,0.025,0.019,0.021,3.60M
2018-08-29 12:32:50,1217.HK,0.019,0.025,0.019,0.021,3.60M
2018-08-29 12:32:53,1217.HK,0.019,0.025,0.019,0.021,3.60M
2018-08-29 12:32:59,1217.HK,0.019,0.025,0.019,0.021,3.60M
2018-08-29 12:33:02,1217.HK,0.019,0.025,0.019,0.021,3.60M
2018-08-29 12:33:11,1217.HK,0.019,0.025,0.019,0.021,3.60M
2018-08-29 12:33:17,1217.HK,0.019,0.025,0.019,0.021,3.60M
2018-08-29 12:33:22,1217.HK,0.019,0.025,0.019,0.021,3.60M
2018-08-29 12:33:27,1217.HK,0.019,0.025,0.019,0.021,3.60M
2018-08-29 12:33:30,1217.HK,0.019,0.025,0.019,0.021,3.60M
2018-08-29 12:33:33,1217.HK,0.019,0.025,0.019,0.021,3.60M
2018-08-29 12:33:36,1217.HK,0.019,0.025,0.019,0.021,3.60M
2018-08-29 12:33:40,1217.HK,0.019,0.025,0.019,0.021,3.60M
2018-08-29 12:33:45,1217.HK,0.019,0.025,0.019,0.021,3.60M
2018-08-29 12:33:50,1217.HK,0.019,0.025,0.019,0.021,3.60M
2018-08-29 12:33:57,1217.HK,0.019,0.025,0.019,0.021,3.60M
2018-08-29 12:34:05,1217.HK,0.019,0.025,0.019,0.021,3.60M
2018-08-29 12:34:13,1217.HK,0.019,0.025,0.019,0.021,3.60M
2018-08-29 12:34:17,1217.HK,0.019,0.025,0.019,0.021,3.60M
2018-08-29 12:34:21,1217.HK,0.019,0.025,0.019,0.021,3.60M
2018-08-29 12:34:25,1217.HK,0.019,0.025,0.019,0.021,3.60M
2018-08-29 12:34:27,1217.HK,0.019,0.025,0.019,0.021,3.60M
2018-08-29 12:34:29,1217.HK,0.019,0.025,0.019,0.021,3.60M
2018-08-29 12:34:32,1217.HK,0.019,0.025,0.019,0.021,3.60M
2018-08-29 12:34:34,1217.HK,0.019,0.025,0.019,0.021,3.60M
2018-08-29 12:34:37,1217.HK,0.019,0.025,0.019,0.021,3.60M
2018-08-29 12:34:40,1217.HK,0.019,0.025,0.019,0.021,3.60M
2018-08-29 12:34:45,1217.HK,0.019,0.025,0.019,0.021,3.60M
2018-08-29 12:34:50,1217.HK,0.019,0.025,0.019,0.021,3.60M
2018-08-29 12:34:54,1217.HK,0.019,0.025,0.019,0.021,3.60M
2018-08-29 12:34:57,1217.HK,0.019,0.025,0.019,0.021,3.60M
2018-08-29 12:35:02,1217.HK,0.019,0.025,0.019,0.021,3.60M
2018-08-29 12:35:05,1217.HK,0.019,0.025,0.019,0.021,3.60M
2018-08-29 12:35:08,1217.HK,0.019,0.025,0.019,0.021,3.60M
2018-08-29 12:35:11,1217.HK,0.019,0.025,0.019,0.021,3.60M
2018-08-29 12:35:14,1217.HK,0.019,0.025,0.019,0.021,3.60M
2018-08-29 12:35:17,1217.HK,0.019,0.025,0.019,0.021,3.60M
2018-08-29 12:35:19,1217.HK,0.019,0.025,0.019,0.021,3.60M
2018-08-29 12:35:22,1217.HK,0.019,0.025,0.019,0.021,3.60M
2018-08-29 12:35:25,1217.HK,0.019,0.025,0.019,0.021,3.60M
2018-08-29 12:35:28,1217.HK,0.019,0.025,0.019,0.021,3.60M
2018-08-29 12:35:31,1217.HK,0.019,0.025,0.019,0.021,3.60M
2018-08-29 12:35:34,1217.HK,0.019,0.025,0.019,0.021,3.60M
2018-08-29 12:35:36,1217.HK,0.019,0.025,0.019,0.021,3.60M
2018-08-29 12:35:41,1217.HK,0.019,0.025,0.019,0.021,3.60M
2018-08-29 12:35:45,1217.HK,0.019,0.025,0.019,0.021,3.60M
2018-08-29 12:35:48,1217.HK,0.019,0.025,0.019,0.021,3.60M
2018-08-29 12:35:51,1217.HK,0.019,0.025,0.019,0.021,3.60M
2018-08-29 12:36:00,1217.HK,0.019,0.025,0.019,0.021,3.60M
2018-08-29 12:36:14,1217.HK,0.019,0.025,0.019,0.021,3.60M
2018-08-29 12:36:20,1217.HK,0.019,0.025,0.019,0.021,3.60M
2018-08-29 12:36:23,1217.HK,0.019,0.025,0.019,0.021,3.60M
2018-08-29 12:36:26,1217.HK,0.019,0.025,0.019,0.021,3.60M
2018-08-29 12:36:29,1217.HK,0.019,0.025,0.019,0.021,3.60M
2018-08-29 12:36:33,1217.HK,0.019,0.025,0.019,0.021,3.60M
2018-08-29 12:36:36,1217.HK,0.019,0.025,0.019,0.021,3.60M
2018-08-29 12:36:39,1217.HK,0.019,0.025,0.019,0.021,3.60M
2018-08-29 12:36:42,1217.HK,0.019,0.025,0.019,0.021,3.60M
2018-08-29 12:36:46,1217.HK,0.019,0.025,0.019,0.021,3.60M
2018-08-29 12:36:49,1217.HK,0.019,0.025,0.019,0.021,3.60M
2018-08-29 12:36:50,1217.HK,0.019,0.025,0.019,0.021,3.60M
2018-08-29 12:36:53,1217.HK,0.019,0.025,0.019,0.021,3.60M
2018-08-29 12:36:57,1217.HK,0.019,0.025,0.019,0.021,3.60M
2018-08-29 12:37:00,1217.HK,0.019,0.025,0.019,0.021,3.60M
2018-08-29 12:37:02,1217.HK,0.019,0.025,0.019,0.021,3.60M
2018-08-29 12:37:06,1217.HK,0.019,0.025,0.019,0.021,3.60M
2018-08-29 12:37:09,1217.HK,0.019,0.025,0.019,0.021,3.60M
2018-08-29 12:37:12,1217.HK,0.019,0.025,0.019,0.021,3.60M
2018-08-29 12:37:16,1217.HK,0.019,0.025,0.019,0.021,3.60M
2018-08-29 12:37:19,1217.HK,0.019,0.025,0.019,0.021,3.60M
2018-08-29 12:37:21,1217.HK,0.019,0.025,0.019,0.021,3.60M
2018-08-29 12:37:25,1217.HK,0.019,0.025,0.019,0.021,3.60M
2018-08-29 12:37:28,1217.HK,0.019,0.025,0.019,0.021,3.60M
2018-08-29 12:37:31,1217.HK,0.019,0.025,0.019,0.021,3.60M
2018-08-29 12:37:34,1217.HK,0.019,0.025,0.019,0.021,3.60M
2018-08-29 12:37:37,1217.HK,0.019,0.025,0.019,0.021,3.60M
2018-08-29 12:37:40,1217.HK,0.019,0.025,0.019,0.021,3.60M
2018-08-29 12:37:43,1217.HK,0.019,0.025,0.019,0.021,3.60M
2018-08-29 12:37:49,1217.HK,0.019,0.025,0.019,0.021,3.60M
2018-08-29 12:37:53,1217.HK,0.019,0.025,0.019,0.021,3.60M
2018-08-29 12:37:57,1217.HK,0.019,0.025,0.019,0.021,3.60M
2018-08-29 12:38:01,1217.HK,0.019,0.025,0.019,0.021,3.60M
2018-08-29 12:38:05,1217.HK,0.019,0.025,0.019,0.021,3.60M
2018-08-29 12:38:15,1217.HK,0.019,0.025,0.019,0.021,3.60M
2018-08-29 12:38:21,1217.HK,0.019,0.025,0.019,0.021,3.60M
2018-08-29 12:38:24,1217.HK,0.019,0.025,0.019,0.021,3.60M
2018-08-29 12:38:27,1217.HK,0.019,0.025,0.019,0.021,3.60M
2018-08-29 12:38:31,1217.HK,0.019,0.025,0.019,0.021,3.60M
2018-08-29 12:38:34,1217.HK,0.019,0.025,0.019,0.021,3.60M
2018-08-29 12:38:37,1217.HK,0.019,0.025,0.019,0.021,3.60M
2018-08-29 12:38:39,1217.HK,0.019,0.025,0.019,0.021,3.60M
2018-08-29 12:38:42,1217.HK,0.019,0.025,0.019,0.021,3.60M
2018-08-29 12:38:44,1217.HK,0.019,0.025,0.019,0.021,3.60M
2018-08-29 12:38:50,1217.HK,0.019,0.025,0.019,0.021,3.60M
2018-08-29 12:38:55,1217.HK,0.019,0.025,0.019,0.021,3.60M
2018-08-29 12:38:58,1217.HK,0.019,0.025,0.019,0.021,3.60M
2018-08-29 12:39:04,1217.HK,0.019,0.025,0.019,0.021,3.60M
2018-08-29 12:39:12,1217.HK,0.019,0.025,0.019,0.021,3.60M
2018-08-29 12:39:19,1217.HK,0.019,0.025,0.019,0.021,3.60M
2018-08-29 12:39:25,1217.HK,0.019,0.025,0.019,0.021,3.60M
2018-08-29 12:39:28,1217.HK,0.019,0.025,0.019,0.021,3.60M
2018-08-29 12:39:32,1217.HK,0.019,0.025,0.019,0.021,3.60M
2018-08-29 12:39:34,1217.HK,0.019,0.025,0.019,0.021,3.60M
2018-08-29 12:39:37,1217.HK,0.019,0.025,0.019,0.021,3.60M
2018-08-29 12:39:43,1217.HK,0.019,0.025,0.019,0.021,3.60M
2018-08-29 12:39:46,1217.HK,0.019,0.025,0.019,0.021,3.60M
2018-08-29 12:39:50,1217.HK,0.019,0.025,0.019,0.021,3.60M
2018-08-29 12:39:52,1217.HK,0.019,0.025,0.019,0.021,3.60M
2018-08-29 12:39:55,1217.HK,0.019,0.025,0.019,0.021,3.60M
2018-08-29 12:40:02,1217.HK,0.019,0.025,0.019,0.021,3.60M
2018-08-29 12:40:09,1217.HK,0.019,0.025,0.019,0.021,3.60M
2018-08-29 12:40:14,1217.HK,0.019,0.025,0.019,0.021,3.60M
2018-08-29 12:40:17,1217.HK,0.019,0.025,0.019,0.021,3.60M
2018-08-29 12:40:22,1217.HK,0.019,0.025,0.019,0.021,3.60M
2018-08-29 12:40:25,1217.HK,0.019,0.025,0.019,0.021,3.60M
2018-08-29 12:40:28,1217.HK,0.019,0.025,0.019,0.021,3.60M
2018-08-29 12:40:30,1217.HK,0.019,0.025,0.019,0.021,3.60M
2018-08-29 12:40:33,1217.HK,0.019,0.025,0.019,0.021,3.60M
2018-08-29 12:40:37,1217.HK,0.019,0.025,0.019,0.021,3.60M
2018-08-29 12:40:39,1217.HK,0.019,0.025,0.019,0.021,3.60M
2018-08-29 12:40:43,1217.HK,0.019,0.025,0.019,0.021,3.60M
2018-08-29 12:40:47,1217.HK,0.019,0.025,0.019,0.021,3.60M
2018-08-29 12:40:52,1217.HK,0.019,0.025,0.019,0.021,3.60M
2018-08-29 12:40:55,1217.HK,0.019,0.025,0.019,0.021,3.60M
2018-08-29 12:40:57,1217.HK,0.019,0.025,0.019,0.021,3.60M
2018-08-29 12:41:04,1217.HK,0.019,0.025,0.019,0.021,3.60M
2018-08-29 12:41:09,1217.HK,0.019,0.025,0.019,0.021,3.60M
2018-08-29 12:41:13,1217.HK,0.019,0.025,0.019,0.021,3.60M
2018-08-29 12:41:17,1217.HK,0.019,0.025,0.019,0.021,3.60M
2018-08-29 12:41:20,1217.HK,0.019,0.025,0.019,0.021,3.60M
2018-08-29 12:41:22,1217.HK,0.019,0.025,0.019,0.021,3.60M
2018-08-29 12:41:25,1217.HK,0.019,0.025,0.019,0.021,3.60M
2018-08-29 12:41:28,1217.HK,0.019,0.025,0.019,0.021,3.60M
2018-08-29 12:41:31,1217.HK,0.019,0.025,0.019,0.021,3.60M
2018-08-29 12:41:34,1217.HK,0.019,0.025,0.019,0.021,3.60M
2018-08-29 12:41:37,1217.HK,0.019,0.025,0.019,0.021,3.60M
2018-08-29 12:41:39,1217.HK,0.019,0.025,0.019,0.021,3.60M
2018-08-29 12:41:43,1217.HK,0.019,0.025,0.019,0.021,3.60M
2018-08-29 12:41:46,1217.HK,0.019,0.025,0.019,0.021,3.60M
2018-08-29 12:41:50,1217.HK,0.019,0.025,0.019,0.021,3.60M
2018-08-29 12:41:54,1217.HK,0.019,0.025,0.019,0.021,3.60M
2018-08-29 12:41:57,1217.HK,0.019,0.025,0.019,0.021,3.60M
2018-08-29 12:42:02,1217.HK,0.019,0.025,0.019,0.021,3.60M
2018-08-29 12:42:09,1217.HK,0.019,0.025,0.019,0.021,3.60M
2018-08-29 12:42:12,1217.HK,0.019,0.025,0.019,0.021,3.60M
2018-08-29 12:42:15,1217.HK,0.019,0.025,0.019,0.021,3.60M
2018-08-29 12:42:17,1217.HK,0.019,0.025,0.019,0.021,3.60M
2018-08-29 12:42:23,1217.HK,0.019,0.025,0.019,0.021,3.60M
2018-08-29 12:42:26,1217.HK,0.019,0.025,0.019,0.021,3.60M
2018-08-29 12:42:29,1217.HK,0.019,0.025,0.019,0.021,3.60M
2018-08-29 12:42:31,1217.HK,0.019,0.025,0.019,0.021,3.60M
2018-08-29 12:42:35,1217.HK,0.019,0.025,0.019,0.021,3.60M
2018-08-29 12:42:37,1217.HK,0.019,0.025,0.019,0.021,3.60M
2018-08-29 12:42:41,1217.HK,0.019,0.025,0.019,0.021,3.60M
2018-08-29 12:42:44,1217.HK,0.019,0.025,0.019,0.021,3.60M
2018-08-29 12:42:48,1217.HK,0.019,0.025,0.019,0.021,3.60M
2018-08-29 12:42:51,1217.HK,0.019,0.025,0.019,0.021,3.60M
2018-08-29 12:42:55,1217.HK,0.019,0.025,0.019,0.021,3.60M
2018-08-29 12:42:58,1217.HK,0.019,0.025,0.019,0.021,3.60M
2018-08-29 12:43:02,1217.HK,0.019,0.025,0.019,0.021,3.60M
2018-08-29 12:43:05,1217.HK,0.019,0.025,0.019,0.021,3.60M
2018-08-29 12:43:10,1217.HK,0.019,0.025,0.019,0.021,3.60M
2018-08-29 12:43:13,1217.HK,0.019,0.025,0.019,0.021,3.60M
2018-08-29 12:43:15,1217.HK,0.019,0.025,0.019,0.021,3.60M
2018-08-29 12:43:18,1217.HK,0.019,0.025,0.019,0.021,3.60M
2018-08-29 12:43:20,1217.HK,0.019,0.025,0.019,0.021,3.60M
2018-08-29 12:43:23,1217.HK,0.019,0.025,0.019,0.021,3.60M
2018-08-29 12:43:30,1217.HK,0.019,0.025,0.019,0.021,3.60M
2018-08-29 12:43:32,1217.HK,0.019,0.025,0.019,0.021,3.60M
2018-08-29 12:43:35,1217.HK,0.019,0.025,0.019,0.021,3.60M
2018-08-29 12:43:37,1217.HK,0.019,0.025,0.019,0.021,3.60M
2018-08-29 12:43:41,1217.HK,0.019,0.025,0.019,0.021,3.60M
2018-08-29 12:43:45,1217.HK,0.019,0.025,0.019,0.021,3.60M
2018-08-29 12:43:48,1217.HK,0.019,0.025,0.019,0.021,3.60M
2018-08-29 12:43:52,1217.HK,0.019,0.025,0.019,0.021,3.60M
2018-08-29 12:43:59,1217.HK,0.019,0.025,0.019,0.021,3.60M
2018-08-29 12:44:05,1217.HK,0.019,0.025,0.019,0.021,3.60M
2018-08-29 12:44:07,1217.HK,0.019,0.025,0.019,0.021,3.60M
2018-08-29 12:44:15,1217.HK,0.019,0.025,0.019,0.021,3.60M
2018-08-29 12:44:18,1217.HK,0.019,0.025,0.019,0.021,3.60M
2018-08-29 12:44:23,1217.HK,0.019,0.025,0.019,0.021,3.60M
2018-08-29 12:44:26,1217.HK,0.019,0.025,0.019,0.021,3.60M
2018-08-29 12:44:30,1217.HK,0.019,0.025,0.019,0.021,3.60M
2018-08-29 12:44:33,1217.HK,0.019,0.025,0.019,0.021,3.60M
2018-08-29 12:44:36,1217.HK,0.019,0.025,0.019,0.021,3.60M
2018-08-29 12:44:39,1217.HK,0.019,0.025,0.019,0.021,3.60M
2018-08-29 12:44:42,1217.HK,0.019,0.025,0.019,0.021,3.60M
2018-08-29 12:44:45,1217.HK,0.019,0.025,0.019,0.021,3.60M
2018-08-29 12:44:49,1217.HK,0.019,0.025,0.019,0.021,3.60M
2018-08-29 12:44:53,1217.HK,0.019,0.025,0.019,0.021,3.60M
2018-08-29 12:44:56,1217.HK,0.019,0.025,0.019,0.021,3.60M
2018-08-29 12:44:58,1217.HK,0.019,0.025,0.019,0.021,3.60M
2018-08-29 12:45:01,1217.HK,0.019,0.025,0.019,0.021,3.60M
2018-08-29 12:45:03,1217.HK,0.019,0.025,0.019,0.021,3.60M
2018-08-29 12:45:12,1217.HK,0.019,0.025,0.019,0.021,3.60M
2018-08-29 12:45:16,1217.HK,0.019,0.025,0.019,0.021,3.60M
2018-08-29 12:45:19,1217.HK,0.019,0.025,0.019,0.021,3.60M
2018-08-29 12:45:25,1217.HK,0.019,0.025,0.019,0.021,3.60M
2018-08-29 12:45:27,1217.HK,0.019,0.025,0.019,0.021,3.60M
2018-08-29 12:45:29,1217.HK,0.019,0.025,0.019,0.021,3.60M
2018-08-29 12:45:31,1217.HK,0.019,0.025,0.019,0.021,3.60M
2018-08-29 12:45:34,1217.HK,0.019,0.025,0.019,0.021,3.60M
2018-08-29 12:45:37,1217.HK,0.019,0.025,0.019,0.021,3.60M
2018-08-29 12:45:39,1217.HK,0.019,0.025,0.019,0.021,3.60M
2018-08-29 12:45:43,1217.HK,0.019,0.025,0.019,0.021,3.60M
2018-08-29 12:45:48,1217.HK,0.019,0.025,0.019,0.021,3.60M
2018-08-29 12:45:51,1217.HK,0.019,0.025,0.019,0.021,3.60M
2018-08-29 12:45:58,1217.HK,0.019,0.025,0.019,0.021,3.60M
2018-08-29 12:46:01,1217.HK,0.019,0.025,0.019,0.021,3.60M
2018-08-29 12:46:03,1217.HK,0.019,0.025,0.019,0.021,3.60M
2018-08-29 12:46:13,1217.HK,0.019,0.025,0.019,0.021,3.60M
2018-08-29 12:46:22,1217.HK,0.019,0.025,0.019,0.021,3.60M
2018-08-29 12:46:25,1217.HK,0.019,0.025,0.019,0.021,3.60M
2018-08-29 12:46:29,1217.HK,0.019,0.025,0.019,0.021,3.60M
2018-08-29 12:46:32,1217.HK,0.019,0.025,0.019,0.021,3.60M
2018-08-29 12:46:35,1217.HK,0.019,0.025,0.019,0.021,3.60M
2018-08-29 12:46:37,1217.HK,0.019,0.025,0.019,0.021,3.60M
2018-08-29 12:46:41,1217.HK,0.019,0.025,0.019,0.021,3.60M
2018-08-29 12:46:45,1217.HK,0.019,0.025,0.019,0.021,3.60M
2018-08-29 12:46:48,1217.HK,0.019,0.025,0.019,0.021,3.60M
2018-08-29 12:46:51,1217.HK,0.019,0.025,0.019,0.021,3.60M
2018-08-29 12:46:55,1217.HK,0.019,0.025,0.019,0.021,3.60M
2018-08-29 12:46:58,1217.HK,0.019,0.025,0.019,0.021,3.60M
2018-08-29 12:47:00,1217.HK,0.019,0.025,0.019,0.021,3.60M
2018-08-29 12:47:03,1217.HK,0.019,0.025,0.019,0.021,3.60M
2018-08-29 12:47:07,1217.HK,0.019,0.025,0.019,0.021,3.60M
2018-08-29 12:47:10,1217.HK,0.019,0.025,0.019,0.021,3.60M
2018-08-29 12:47:12,1217.HK,0.019,0.025,0.019,0.021,3.60M
2018-08-29 12:47:17,1217.HK,0.019,0.025,0.019,0.021,3.60M
2018-08-29 12:47:20,1217.HK,0.019,0.025,0.019,0.021,3.60M
2018-08-29 12:47:22,1217.HK,0.019,0.025,0.019,0.021,3.60M
2018-08-29 12:47:26,1217.HK,0.019,0.025,0.019,0.021,3.60M
2018-08-29 12:47:29,1217.HK,0.019,0.025,0.019,0.021,3.60M
2018-08-29 12:47:32,1217.HK,0.019,0.025,0.019,0.021,3.60M
2018-08-29 12:47:37,1217.HK,0.019,0.025,0.019,0.021,3.60M
2018-08-29 12:47:40,1217.HK,0.019,0.025,0.019,0.021,3.60M
2018-08-29 12:47:44,1217.HK,0.019,0.025,0.019,0.021,3.60M
2018-08-29 12:47:48,1217.HK,0.019,0.025,0.019,0.021,3.60M
2018-08-29 12:47:52,1217.HK,0.019,0.025,0.019,0.021,3.60M
2018-08-29 12:47:58,1217.HK,0.019,0.025,0.019,0.021,3.60M
2018-08-29 12:48:01,1217.HK,0.019,0.025,0.019,0.021,3.60M
2018-08-29 12:48:06,1217.HK,0.019,0.025,0.019,0.021,3.60M
2018-08-29 12:48:11,1217.HK,0.019,0.025,0.019,0.021,3.60M
2018-08-29 12:48:19,1217.HK,0.019,0.025,0.019,0.021,3.60M
2018-08-29 12:48:21,1217.HK,0.019,0.025,0.019,0.021,3.60M
2018-08-29 12:48:24,1217.HK,0.019,0.025,0.019,0.021,3.60M
2018-08-29 12:48:27,1217.HK,0.019,0.025,0.019,0.021,3.60M
2018-08-29 12:48:30,1217.HK,0.019,0.025,0.019,0.021,3.60M
2018-08-29 12:48:33,1217.HK,0.019,0.025,0.019,0.021,3.60M
2018-08-29 12:48:36,1217.HK,0.019,0.025,0.019,0.021,3.60M
2018-08-29 12:48:40,1217.HK,0.019,0.025,0.019,0.021,3.60M
2018-08-29 12:48:44,1217.HK,0.019,0.025,0.019,0.021,3.60M
2018-08-29 12:48:47,1217.HK,0.019,0.025,0.019,0.021,3.60M
2018-08-29 12:48:48,1217.HK,0.019,0.025,0.019,0.021,3.60M
2018-08-29 12:48:51,1217.HK,0.019,0.025,0.019,0.021,3.60M
2018-08-29 12:48:55,1217.HK,0.019,0.025,0.019,0.021,3.60M
2018-08-29 12:49:00,1217.HK,0.019,0.025,0.019,0.021,3.60M
2018-08-29 12:49:03,1217.HK,0.019,0.025,0.019,0.021,3.60M
2018-08-29 12:49:07,1217.HK,0.019,0.025,0.019,0.021,3.60M
2018-08-29 12:49:10,1217.HK,0.019,0.025,0.019,0.021,3.60M
2018-08-29 12:49:14,1217.HK,0.019,0.025,0.019,0.021,3.60M
2018-08-29 12:49:25,1217.HK,0.019,0.025,0.019,0.021,3.60M
2018-08-29 12:49:31,1217.HK,0.019,0.025,0.019,0.021,3.60M
2018-08-29 12:49:34,1217.HK,0.019,0.025,0.019,0.021,3.60M
2018-08-29 12:49:37,1217.HK,0.019,0.025,0.019,0.021,3.60M
2018-08-29 12:49:43,1217.HK,0.019,0.025,0.019,0.021,3.60M
2018-08-29 12:49:46,1217.HK,0.019,0.025,0.019,0.021,3.60M
2018-08-29 12:49:47,1217.HK,0.019,0.025,0.019,0.021,3.60M
2018-08-29 12:49:50,1217.HK,0.019,0.025,0.019,0.021,3.60M
2018-08-29 12:49:54,1217.HK,0.019,0.025,0.019,0.021,3.60M
2018-08-29 12:49:57,1217.HK,0.019,0.025,0.019,0.021,3.60M
2018-08-29 12:50:10,1217.HK,0.019,0.025,0.019,0.021,3.60M
2018-08-29 12:50:14,1217.HK,0.019,0.025,0.019,0.021,3.60M
2018-08-29 12:50:17,1217.HK,0.019,0.025,0.019,0.021,3.60M
2018-08-29 12:50:20,1217.HK,0.019,0.025,0.019,0.021,3.60M
2018-08-29 12:50:25,1217.HK,0.019,0.025,0.019,0.021,3.60M
2018-08-29 12:50:28,1217.HK,0.019,0.025,0.019,0.021,3.60M
2018-08-29 12:50:33,1217.HK,0.019,0.025,0.019,0.021,3.60M
2018-08-29 12:50:37,1217.HK,0.019,0.025,0.019,0.021,3.60M
2018-08-29 12:50:40,1217.HK,0.019,0.025,0.019,0.021,3.60M
2018-08-29 12:50:42,1217.HK,0.019,0.025,0.019,0.021,3.60M
2018-08-29 12:50:46,1217.HK,0.019,0.025,0.019,0.021,3.60M
2018-08-29 12:50:49,1217.HK,0.019,0.025,0.019,0.021,3.60M
2018-08-29 12:50:52,1217.HK,0.019,0.025,0.019,0.021,3.60M
2018-08-29 12:50:55,1217.HK,0.019,0.025,0.019,0.021,3.60M
2018-08-29 12:50:58,1217.HK,0.019,0.025,0.019,0.021,3.60M
2018-08-29 12:51:02,1217.HK,0.019,0.025,0.019,0.021,3.60M
2018-08-29 12:51:05,1217.HK,0.019,0.025,0.019,0.021,3.60M
2018-08-29 12:51:11,1217.HK,0.019,0.025,0.019,0.021,3.60M
2018-08-29 12:51:17,1217.HK,0.019,0.025,0.019,0.021,3.60M
2018-08-29 12:51:20,1217.HK,0.019,0.025,0.019,0.021,3.60M
2018-08-29 12:51:23,1217.HK,0.019,0.025,0.019,0.021,3.60M
2018-08-29 12:51:26,1217.HK,0.019,0.025,0.019,0.021,3.60M
2018-08-29 12:51:28,1217.HK,0.019,0.025,0.019,0.021,3.60M
2018-08-29 12:51:31,1217.HK,0.019,0.025,0.019,0.021,3.60M
2018-08-29 12:51:35,1217.HK,0.019,0.025,0.019,0.021,3.60M
2018-08-29 12:51:38,1217.HK,0.019,0.025,0.019,0.021,3.60M
2018-08-29 12:51:41,1217.HK,0.019,0.025,0.019,0.021,3.60M
2018-08-29 12:51:45,1217.HK,0.019,0.025,0.019,0.021,3.60M
2018-08-29 12:51:49,1217.HK,0.019,0.025,0.019,0.021,3.60M
2018-08-29 12:51:56,1217.HK,0.019,0.025,0.019,0.021,3.60M
2018-08-29 12:51:59,1217.HK,0.019,0.025,0.019,0.021,3.60M
2018-08-29 12:52:01,1217.HK,0.019,0.025,0.019,0.021,3.60M
2018-08-29 12:52:15,1217.HK,0.019,0.025,0.019,0.021,3.60M
2018-08-29 12:52:21,1217.HK,0.019,0.025,0.019,0.021,3.60M
2018-08-29 12:52:25,1217.HK,0.019,0.025,0.019,0.021,3.60M
2018-08-29 12:52:28,1217.HK,0.019,0.025,0.019,0.021,3.60M
2018-08-29 12:52:31,1217.HK,0.019,0.025,0.019,0.021,3.60M
2018-08-29 12:52:34,1217.HK,0.019,0.025,0.019,0.021,3.60M
2018-08-29 12:52:36,1217.HK,0.019,0.025,0.019,0.021,3.60M
2018-08-29 12:52:39,1217.HK,0.019,0.025,0.019,0.021,3.60M
2018-08-29 12:52:43,1217.HK,0.019,0.025,0.019,0.021,3.60M
2018-08-29 12:52:47,1217.HK,0.019,0.025,0.019,0.021,3.60M
2018-08-29 12:52:53,1217.HK,0.019,0.025,0.019,0.021,3.60M
2018-08-29 12:52:57,1217.HK,0.019,0.025,0.019,0.021,3.60M
2018-08-29 12:53:02,1217.HK,0.019,0.025,0.019,0.021,3.60M
2018-08-29 12:53:06,1217.HK,0.019,0.025,0.019,0.021,3.60M
2018-08-29 12:53:14,1217.HK,0.019,0.025,0.019,0.021,3.60M
2018-08-29 12:53:21,1217.HK,0.019,0.025,0.019,0.021,3.60M
2018-08-29 12:53:24,1217.HK,0.019,0.025,0.019,0.021,3.60M
2018-08-29 12:53:28,1217.HK,0.019,0.025,0.019,0.021,3.60M
2018-08-29 12:53:31,1217.HK,0.019,0.025,0.019,0.021,3.60M
2018-08-29 12:53:34,1217.HK,0.019,0.025,0.019,0.021,3.60M
2018-08-29 12:53:37,1217.HK,0.019,0.025,0.019,0.021,3.60M
2018-08-29 12:53:39,1217.HK,0.019,0.025,0.019,0.021,3.60M
2018-08-29 12:53:43,1217.HK,0.019,0.025,0.019,0.021,3.60M
2018-08-29 12:53:51,1217.HK,0.019,0.025,0.019,0.021,3.60M
2018-08-29 12:53:59,1217.HK,0.019,0.025,0.019,0.021,3.60M
2018-08-29 12:54:06,1217.HK,0.019,0.025,0.019,0.021,3.60M
2018-08-29 12:54:12,1217.HK,0.019,0.025,0.019,0.021,3.60M
2018-08-29 12:54:18,1217.HK,0.019,0.025,0.019,0.021,3.60M
2018-08-29 12:54:22,1217.HK,0.019,0.025,0.019,0.021,3.60M
2018-08-29 12:54:29,1217.HK,0.019,0.025,0.019,0.021,3.60M
2018-08-29 12:54:32,1217.HK,0.019,0.025,0.019,0.021,3.60M
2018-08-29 12:54:41,1217.HK,0.019,0.025,0.019,0.021,3.60M
2018-08-29 12:54:44,1217.HK,0.019,0.025,0.019,0.021,3.60M
2018-08-29 12:54:48,1217.HK,0.019,0.025,0.019,0.021,3.60M
2018-08-29 12:54:52,1217.HK,0.019,0.025,0.019,0.021,3.60M
2018-08-29 12:54:56,1217.HK,0.019,0.025,0.019,0.021,3.60M
2018-08-29 12:54:59,1217.HK,0.019,0.025,0.019,0.021,3.60M
2018-08-29 12:55:04,1217.HK,0.019,0.025,0.019,0.021,3.60M
2018-08-29 12:55:10,1217.HK,0.019,0.025,0.019,0.021,3.60M
2018-08-29 12:55:15,1217.HK,0.019,0.025,0.019,0.021,3.60M
2018-08-29 12:55:19,1217.HK,0.019,0.025,0.019,0.021,3.60M
2018-08-29 12:55:27,1217.HK,0.019,0.025,0.019,0.021,3.60M
2018-08-29 12:55:31,1217.HK,0.019,0.025,0.019,0.021,3.60M
2018-08-29 12:55:34,1217.HK,0.019,0.025,0.019,0.021,3.60M
2018-08-29 12:55:37,1217.HK,0.019,0.025,0.019,0.021,3.60M
2018-08-29 12:55:41,1217.HK,0.019,0.025,0.019,0.021,3.60M
2018-08-29 12:55:45,1217.HK,0.019,0.025,0.019,0.021,3.60M
2018-08-29 12:55:51,1217.HK,0.019,0.025,0.019,0.021,3.60M
2018-08-29 12:55:57,1217.HK,0.019,0.025,0.019,0.021,3.60M
2018-08-29 12:56:02,1217.HK,0.019,0.025,0.019,0.021,3.60M
2018-08-29 12:56:14,1217.HK,0.019,0.025,0.019,0.021,3.60M
2018-08-29 12:56:18,1217.HK,0.019,0.025,0.019,0.021,3.60M
2018-08-29 12:56:22,1217.HK,0.019,0.025,0.019,0.021,3.60M
2018-08-29 12:56:31,1217.HK,0.019,0.025,0.019,0.021,3.60M
2018-08-29 12:56:34,1217.HK,0.019,0.025,0.019,0.021,3.60M
2018-08-29 12:56:36,1217.HK,0.019,0.025,0.019,0.021,3.60M
2018-08-29 12:56:39,1217.HK,0.019,0.025,0.019,0.021,3.60M
2018-08-29 12:56:42,1217.HK,0.019,0.025,0.019,0.021,3.60M
2018-08-29 12:56:45,1217.HK,0.019,0.025,0.019,0.021,3.60M
2018-08-29 12:56:48,1217.HK,0.019,0.025,0.019,0.021,3.60M
2018-08-29 12:56:51,1217.HK,0.019,0.025,0.019,0.021,3.60M
2018-08-29 12:56:53,1217.HK,0.019,0.025,0.019,0.021,3.60M
2018-08-29 12:56:57,1217.HK,0.019,0.025,0.019,0.021,3.60M
2018-08-29 12:57:00,1217.HK,0.019,0.025,0.019,0.021,3.60M
2018-08-29 12:57:03,1217.HK,0.019,0.025,0.019,0.021,3.60M
2018-08-29 12:57:05,1217.HK,0.019,0.025,0.019,0.021,3.60M
2018-08-29 12:57:09,1217.HK,0.019,0.025,0.019,0.021,3.60M
2018-08-29 12:57:12,1217.HK,0.019,0.025,0.019,0.021,3.60M
2018-08-29 12:57:15,1217.HK,0.019,0.025,0.019,0.021,3.60M
2018-08-29 12:57:17,1217.HK,0.019,0.025,0.019,0.021,3.60M
2018-08-29 12:57:20,1217.HK,0.019,0.025,0.019,0.021,3.60M
2018-08-29 12:57:23,1217.HK,0.019,0.025,0.019,0.021,3.60M
2018-08-29 12:57:25,1217.HK,0.019,0.025,0.019,0.021,3.60M
2018-08-29 12:57:28,1217.HK,0.019,0.025,0.019,0.021,3.60M
2018-08-29 12:57:31,1217.HK,0.019,0.025,0.019,0.021,3.60M
2018-08-29 12:57:35,1217.HK,0.019,0.025,0.019,0.021,3.60M
2018-08-29 12:57:37,1217.HK,0.019,0.025,0.019,0.021,3.60M
2018-08-29 12:57:41,1217.HK,0.019,0.025,0.019,0.021,3.60M
2018-08-29 12:57:44,1217.HK,0.019,0.025,0.019,0.021,3.60M
2018-08-29 12:57:47,1217.HK,0.019,0.025,0.019,0.021,3.60M
2018-08-29 12:57:52,1217.HK,0.019,0.025,0.019,0.021,3.60M
2018-08-29 12:58:00,1217.HK,0.019,0.025,0.019,0.021,3.60M
2018-08-29 12:58:03,1217.HK,0.019,0.025,0.019,0.021,3.60M
2018-08-29 12:58:11,1217.HK,0.019,0.025,0.019,0.021,3.60M
2018-08-29 12:58:14,1217.HK,0.019,0.025,0.019,0.021,3.60M
2018-08-29 12:58:25,1217.HK,0.019,0.025,0.019,0.021,3.60M
2018-08-29 12:58:28,1217.HK,0.019,0.025,0.019,0.021,3.60M
2018-08-29 12:58:31,1217.HK,0.019,0.025,0.019,0.021,3.60M
2018-08-29 12:58:34,1217.HK,0.019,0.025,0.019,0.021,3.60M
2018-08-29 12:58:37,1217.HK,0.019,0.025,0.019,0.021,3.60M
2018-08-29 12:58:40,1217.HK,0.019,0.025,0.019,0.021,3.60M
2018-08-29 12:58:42,1217.HK,0.019,0.025,0.019,0.021,3.60M
2018-08-29 12:58:46,1217.HK,0.019,0.025,0.019,0.021,3.60M
2018-08-29 12:58:50,1217.HK,0.019,0.025,0.019,0.021,3.60M
2018-08-29 12:58:53,1217.HK,0.019,0.025,0.019,0.021,3.60M
2018-08-29 12:58:57,1217.HK,0.019,0.025,0.019,0.021,3.60M
2018-08-29 12:59:00,1217.HK,0.019,0.025,0.019,0.021,3.60M
2018-08-29 12:59:04,1217.HK,0.019,0.025,0.019,0.021,3.60M
2018-08-29 12:59:12,1217.HK,0.019,0.025,0.019,0.021,3.60M
2018-08-29 12:59:16,1217.HK,0.019,0.025,0.019,0.021,3.60M
2018-08-29 12:59:19,1217.HK,0.019,0.025,0.019,0.021,3.60M
2018-08-29 12:59:21,1217.HK,0.019,0.025,0.019,0.021,3.60M
2018-08-29 12:59:24,1217.HK,0.019,0.025,0.019,0.021,3.60M
2018-08-29 12:59:26,1217.HK,0.019,0.025,0.019,0.021,3.60M
2018-08-29 12:59:29,1217.HK,0.019,0.025,0.019,0.021,3.60M
2018-08-29 12:59:33,1217.HK,0.019,0.025,0.019,0.021,3.60M
2018-08-29 12:59:36,1217.HK,0.019,0.025,0.019,0.021,3.60M
2018-08-29 12:59:39,1217.HK,0.019,0.025,0.019,0.021,3.60M
2018-08-29 12:59:42,1217.HK,0.019,0.025,0.019,0.021,3.60M
2018-08-29 12:59:45,1217.HK,0.019,0.025,0.019,0.021,3.60M
2018-08-29 12:59:47,1217.HK,0.019,0.025,0.019,0.021,3.60M
2018-08-29 12:59:50,1217.HK,0.019,0.025,0.019,0.021,3.60M
2018-08-29 13:00:02,1217.HK,0.019,0.025,0.019,0.021,3.60M
2018-08-29 13:00:05,1217.HK,0.019,0.025,0.019,0.021,3.60M
2018-08-29 13:00:09,1217.HK,0.019,0.025,0.019,0.021,3.60M
2018-08-29 13:00:19,1217.HK,0.019,0.025,0.019,0.021,3.60M
2018-08-29 13:00:23,1217.HK,0.019,0.025,0.019,0.021,3.60M
2018-08-29 13:00:26,1217.HK,0.019,0.025,0.019,0.021,3.60M
2018-08-29 13:00:28,1217.HK,0.019,0.025,0.019,0.021,3.60M
2018-08-29 13:00:31,1217.HK,0.019,0.025,0.019,0.021,3.60M
2018-08-29 13:00:34,1217.HK,0.019,0.025,0.019,0.021,3.60M
2018-08-29 13:00:36,1217.HK,0.019,0.025,0.019,0.021,3.60M
2018-08-29 13:00:39,1217.HK,0.019,0.025,0.019,0.021,3.60M
2018-08-29 13:00:44,1217.HK,0.019,0.025,0.019,0.021,3.60M
2018-08-29 13:00:48,1217.HK,0.019,0.025,0.019,0.021,3.60M
2018-08-29 13:00:53,1217.HK,0.019,0.025,0.019,0.021,3.60M
2018-08-29 13:00:56,1217.HK,0.019,0.025,0.019,0.021,3.60M
2018-08-29 13:00:59,1217.HK,0.019,0.025,0.019,0.021,3.60M
2018-08-29 13:01:02,1217.HK,0.019,0.025,0.019,0.021,3.60M
2018-08-29 13:01:06,1217.HK,0.019,0.025,0.019,0.021,3.60M
2018-08-29 13:01:15,1217.HK,0.019,0.025,0.019,0.021,3.60M
2018-08-29 13:01:18,1217.HK,0.019,0.025,0.019,0.021,3.60M
2018-08-29 13:01:23,1217.HK,0.019,0.025,0.019,0.021,3.60M
2018-08-29 13:01:26,1217.HK,0.019,0.025,0.019,0.021,3.60M
2018-08-29 13:01:28,1217.HK,0.019,0.025,0.019,0.021,3.60M
2018-08-29 13:01:31,1217.HK,0.019,0.025,0.019,0.021,3.60M
2018-08-29 13:01:37,1217.HK,0.019,0.025,0.019,0.021,3.60M
2018-08-29 13:01:40,1217.HK,0.019,0.025,0.019,0.021,3.60M
2018-08-29 13:01:48,1217.HK,0.019,0.025,0.019,0.021,3.60M
2018-08-29 13:01:50,1217.HK,0.019,0.025,0.019,0.021,3.60M
2018-08-29 13:01:54,1217.HK,0.019,0.025,0.019,0.021,3.60M
2018-08-29 13:01:57,1217.HK,0.019,0.025,0.019,0.021,3.60M
2018-08-29 13:02:04,1217.HK,0.019,0.025,0.019,0.021,3.60M
2018-08-29 13:02:10,1217.HK,0.019,0.025,0.019,0.021,3.60M
2018-08-29 13:02:18,1217.HK,0.019,0.025,0.019,0.021,3.60M
2018-08-29 13:02:25,1217.HK,0.019,0.025,0.019,0.021,3.60M
2018-08-29 13:02:30,1217.HK,0.019,0.025,0.019,0.021,3.60M
2018-08-29 13:02:36,1217.HK,0.019,0.025,0.019,0.021,3.60M
2018-08-29 13:02:40,1217.HK,0.019,0.025,0.019,0.021,3.60M
2018-08-29 13:02:43,1217.HK,0.019,0.025,0.019,0.021,3.60M
2018-08-29 13:02:46,1217.HK,0.019,0.025,0.019,0.021,3.60M
2018-08-29 13:02:48,1217.HK,0.019,0.025,0.019,0.021,3.60M
2018-08-29 13:02:51,1217.HK,0.019,0.025,0.019,0.021,3.60M
2018-08-29 13:02:55,1217.HK,0.019,0.025,0.019,0.021,3.60M
2018-08-29 13:02:59,1217.HK,0.019,0.025,0.019,0.021,3.60M
2018-08-29 13:03:02,1217.HK,0.019,0.025,0.019,0.021,3.60M
2018-08-29 13:03:06,1217.HK,0.019,0.025,0.019,0.021,3.60M
2018-08-29 13:03:12,1217.HK,0.019,0.025,0.019,0.021,3.60M
2018-08-29 13:03:19,1217.HK,0.019,0.025,0.019,0.021,3.60M
2018-08-29 13:03:22,1217.HK,0.019,0.025,0.019,0.021,3.60M
2018-08-29 13:03:29,1217.HK,0.019,0.025,0.019,0.021,3.60M
2018-08-29 13:03:31,1217.HK,0.019,0.025,0.019,0.021,3.60M
2018-08-29 13:03:33,1217.HK,0.019,0.025,0.019,0.021,3.60M
2018-08-29 13:03:37,1217.HK,0.019,0.025,0.019,0.021,3.60M
2018-08-29 13:03:41,1217.HK,0.019,0.025,0.019,0.021,3.60M
2018-08-29 13:03:44,1217.HK,0.019,0.025,0.019,0.021,3.60M
2018-08-29 13:03:49,1217.HK,0.019,0.025,0.019,0.021,3.60M
2018-08-29 13:03:54,1217.HK,0.019,0.025,0.019,0.021,3.60M
2018-08-29 13:04:04,1217.HK,0.019,0.025,0.019,0.021,3.60M
2018-08-29 13:04:15,1217.HK,0.019,0.025,0.019,0.021,3.60M
2018-08-29 13:04:18,1217.HK,0.019,0.025,0.019,0.021,3.60M
2018-08-29 13:04:26,1217.HK,0.019,0.025,0.019,0.021,3.60M
2018-08-29 13:04:34,1217.HK,0.019,0.025,0.019,0.021,3.60M
2018-08-29 13:04:37,1217.HK,0.019,0.025,0.019,0.021,3.60M
2018-08-29 13:04:42,1217.HK,0.019,0.025,0.019,0.021,3.60M
2018-08-29 13:04:44,1217.HK,0.019,0.025,0.019,0.021,3.60M
2018-08-29 13:04:48,1217.HK,0.019,0.025,0.019,0.021,3.60M
2018-08-29 13:04:52,1217.HK,0.019,0.025,0.019,0.021,3.60M
2018-08-29 13:04:56,1217.HK,0.019,0.025,0.019,0.021,3.60M
2018-08-29 13:05:00,1217.HK,0.019,0.025,0.019,0.021,3.60M
2018-08-29 13:05:03,1217.HK,0.019,0.025,0.019,0.021,3.60M
2018-08-29 13:05:10,1217.HK,0.019,0.025,0.019,0.021,3.60M
2018-08-29 13:05:15,1217.HK,0.019,0.025,0.019,0.021,3.60M
2018-08-29 13:05:20,1217.HK,0.019,0.025,0.019,0.021,3.60M
2018-08-29 13:05:29,1217.HK,0.019,0.025,0.019,0.021,3.60M
2018-08-29 13:05:32,1217.HK,0.019,0.025,0.019,0.021,3.60M
2018-08-29 13:05:40,1217.HK,0.019,0.025,0.019,0.021,3.60M
2018-08-29 13:05:47,1217.HK,0.019,0.025,0.019,0.021,3.60M
2018-08-29 13:05:51,1217.HK,0.019,0.025,0.019,0.021,3.60M
2018-08-29 13:06:04,1217.HK,0.019,0.025,0.019,0.021,3.60M
2018-08-29 13:06:14,1217.HK,0.019,0.025,0.019,0.021,3.60M
2018-08-29 13:06:26,1217.HK,0.019,0.025,0.019,0.021,3.60M
2018-08-29 13:06:29,1217.HK,0.019,0.025,0.019,0.021,3.60M
2018-08-29 13:06:35,1217.HK,0.019,0.025,0.019,0.021,3.60M
2018-08-29 13:06:38,1217.HK,0.019,0.025,0.019,0.021,3.60M
2018-08-29 13:06:44,1217.HK,0.019,0.025,0.019,0.021,3.60M
2018-08-29 13:06:46,1217.HK,0.019,0.025,0.019,0.021,3.60M
2018-08-29 13:06:51,1217.HK,0.019,0.025,0.019,0.021,3.60M
2018-08-29 13:06:55,1217.HK,0.019,0.025,0.019,0.021,3.60M
2018-08-29 13:06:58,1217.HK,0.019,0.025,0.019,0.021,3.60M
2018-08-29 13:07:01,1217.HK,0.019,0.025,0.019,0.021,3.60M
2018-08-29 13:07:04,1217.HK,0.019,0.025,0.019,0.021,3.60M
2018-08-29 13:07:10,1217.HK,0.019,0.025,0.019,0.021,3.60M
2018-08-29 13:07:13,1217.HK,0.019,0.025,0.019,0.021,3.60M
2018-08-29 13:07:18,1217.HK,0.019,0.025,0.019,0.021,3.60M
2018-08-29 13:07:25,1217.HK,0.019,0.025,0.019,0.021,3.60M
2018-08-29 13:07:30,1217.HK,0.019,0.025,0.019,0.021,3.60M
2018-08-29 13:07:35,1217.HK,0.019,0.025,0.019,0.021,3.60M
2018-08-29 13:07:39,1217.HK,0.019,0.025,0.019,0.021,3.60M
2018-08-29 13:07:42,1217.HK,0.019,0.025,0.019,0.021,3.60M
2018-08-29 13:07:45,1217.HK,0.019,0.025,0.019,0.021,3.60M
2018-08-29 13:07:47,1217.HK,0.019,0.025,0.019,0.021,3.60M
2018-08-29 13:07:50,1217.HK,0.019,0.025,0.019,0.021,3.60M
2018-08-29 13:07:53,1217.HK,0.019,0.025,0.019,0.021,3.60M
2018-08-29 13:07:58,1217.HK,0.019,0.025,0.019,0.021,3.60M
2018-08-29 13:08:05,1217.HK,0.019,0.025,0.019,0.021,3.60M
2018-08-29 13:08:10,1217.HK,0.019,0.025,0.019,0.021,3.60M
2018-08-29 13:08:14,1217.HK,0.019,0.025,0.019,0.021,3.60M
2018-08-29 13:08:18,1217.HK,0.019,0.025,0.019,0.021,3.60M
2018-08-29 13:08:21,1217.HK,0.019,0.025,0.019,0.021,3.60M
2018-08-29 13:08:23,1217.HK,0.019,0.025,0.019,0.021,3.60M
2018-08-29 13:08:26,1217.HK,0.019,0.025,0.019,0.021,3.60M
2018-08-29 13:08:30,1217.HK,0.019,0.025,0.019,0.021,3.60M
2018-08-29 13:08:33,1217.HK,0.019,0.025,0.019,0.021,3.60M
2018-08-29 13:08:35,1217.HK,0.019,0.025,0.019,0.021,3.60M
2018-08-29 13:08:38,1217.HK,0.019,0.025,0.019,0.021,3.60M
2018-08-29 13:08:40,1217.HK,0.019,0.025,0.019,0.021,3.60M
2018-08-29 13:08:43,1217.HK,0.019,0.025,0.019,0.021,3.60M
2018-08-29 13:08:46,1217.HK,0.019,0.025,0.019,0.021,3.60M
2018-08-29 13:08:49,1217.HK,0.019,0.025,0.019,0.021,3.60M
2018-08-29 13:08:53,1217.HK,0.019,0.025,0.019,0.021,3.60M
2018-08-29 13:08:57,1217.HK,0.019,0.025,0.019,0.021,3.60M
2018-08-29 13:09:00,1217.HK,0.019,0.025,0.019,0.021,3.60M
2018-08-29 13:09:03,1217.HK,0.019,0.025,0.019,0.021,3.60M
2018-08-29 13:09:05,1217.HK,0.019,0.025,0.019,0.021,3.60M
2018-08-29 13:09:09,1217.HK,0.019,0.025,0.019,0.021,3.60M
2018-08-29 13:09:13,1217.HK,0.019,0.025,0.019,0.021,3.60M
2018-08-29 13:09:16,1217.HK,0.019,0.025,0.019,0.021,3.60M
2018-08-29 13:09:19,1217.HK,0.019,0.025,0.019,0.021,3.60M
2018-08-29 13:09:21,1217.HK,0.019,0.025,0.019,0.021,3.60M
2018-08-29 13:09:25,1217.HK,0.019,0.025,0.019,0.021,3.60M
2018-08-29 13:09:28,1217.HK,0.019,0.025,0.019,0.021,3.60M
2018-08-29 13:09:31,1217.HK,0.019,0.025,0.019,0.021,3.60M
2018-08-29 13:09:34,1217.HK,0.019,0.025,0.019,0.021,3.60M
2018-08-29 13:09:37,1217.HK,0.019,0.025,0.019,0.021,3.60M
2018-08-29 13:09:39,1217.HK,0.019,0.025,0.019,0.021,3.60M
2018-08-29 13:09:43,1217.HK,0.019,0.025,0.019,0.021,3.60M
2018-08-29 13:09:47,1217.HK,0.019,0.025,0.019,0.021,3.60M
2018-08-29 13:09:50,1217.HK,0.019,0.025,0.019,0.021,3.60M
2018-08-29 13:09:53,1217.HK,0.019,0.025,0.019,0.021,3.60M
2018-08-29 13:09:57,1217.HK,0.019,0.025,0.019,0.021,3.60M
2018-08-29 13:10:00,1217.HK,0.019,0.025,0.019,0.021,3.60M
2018-08-29 13:10:05,1217.HK,0.019,0.025,0.019,0.021,3.60M
2018-08-29 13:10:09,1217.HK,0.019,0.025,0.019,0.021,3.60M
2018-08-29 13:10:13,1217.HK,0.019,0.025,0.019,0.021,3.60M
2018-08-29 13:10:16,1217.HK,0.019,0.025,0.019,0.021,3.60M
2018-08-29 13:10:19,1217.HK,0.019,0.025,0.019,0.021,3.60M
2018-08-29 13:10:22,1217.HK,0.019,0.025,0.019,0.021,3.60M
2018-08-29 13:10:26,1217.HK,0.019,0.025,0.019,0.021,3.60M
2018-08-29 13:10:29,1217.HK,0.019,0.025,0.019,0.021,3.60M
2018-08-29 13:10:32,1217.HK,0.019,0.025,0.019,0.021,3.60M
2018-08-29 13:10:35,1217.HK,0.019,0.025,0.019,0.021,3.60M
2018-08-29 13:10:39,1217.HK,0.019,0.025,0.019,0.021,3.60M
2018-08-29 13:10:42,1217.HK,0.019,0.025,0.019,0.021,3.60M
2018-08-29 13:10:45,1217.HK,0.019,0.025,0.019,0.021,3.60M
2018-08-29 13:10:47,1217.HK,0.019,0.025,0.019,0.021,3.60M
2018-08-29 13:10:51,1217.HK,0.019,0.025,0.019,0.021,3.60M
2018-08-29 13:10:53,1217.HK,0.019,0.025,0.019,0.021,3.60M
2018-08-29 13:10:57,1217.HK,0.019,0.025,0.019,0.021,3.60M
2018-08-29 13:11:00,1217.HK,0.019,0.025,0.019,0.021,3.60M
2018-08-29 13:11:03,1217.HK,0.019,0.025,0.019,0.021,3.60M
2018-08-29 13:11:08,1217.HK,0.019,0.025,0.019,0.021,3.60M
2018-08-29 13:11:11,1217.HK,0.019,0.025,0.019,0.021,3.60M
2018-08-29 13:11:14,1217.HK,0.019,0.025,0.019,0.021,3.60M
2018-08-29 13:11:17,1217.HK,0.019,0.025,0.019,0.021,3.60M
2018-08-29 13:11:20,1217.HK,0.019,0.025,0.019,0.021,3.60M
2018-08-29 13:11:23,1217.HK,0.019,0.025,0.019,0.021,3.60M
2018-08-29 13:11:27,1217.HK,0.019,0.025,0.019,0.021,3.60M
2018-08-29 13:11:30,1217.HK,0.019,0.025,0.019,0.021,3.60M
2018-08-29 13:11:32,1217.HK,0.019,0.025,0.019,0.021,3.60M
2018-08-29 13:11:35,1217.HK,0.019,0.025,0.019,0.021,3.60M
2018-08-29 13:11:38,1217.HK,0.019,0.025,0.019,0.021,3.60M
2018-08-29 13:11:42,1217.HK,0.019,0.025,0.019,0.021,3.60M
2018-08-29 13:11:45,1217.HK,0.019,0.025,0.019,0.021,3.60M
2018-08-29 13:11:47,1217.HK,0.019,0.025,0.019,0.021,3.60M
2018-08-29 13:11:50,1217.HK,0.019,0.025,0.019,0.021,3.60M
2018-08-29 13:11:54,1217.HK,0.019,0.025,0.019,0.021,3.60M
2018-08-29 13:11:58,1217.HK,0.019,0.025,0.019,0.021,3.60M
2018-08-29 13:12:01,1217.HK,0.019,0.025,0.019,0.021,3.60M
2018-08-29 13:12:04,1217.HK,0.019,0.025,0.019,0.021,3.60M
2018-08-29 13:12:10,1217.HK,0.019,0.025,0.019,0.021,3.60M
2018-08-29 13:12:14,1217.HK,0.019,0.025,0.019,0.021,3.60M
2018-08-29 13:12:18,1217.HK,0.019,0.025,0.019,0.021,3.60M
2018-08-29 13:12:21,1217.HK,0.019,0.025,0.019,0.021,3.60M
2018-08-29 13:12:24,1217.HK,0.019,0.025,0.019,0.021,3.60M
2018-08-29 13:12:28,1217.HK,0.019,0.025,0.019,0.021,3.60M
2018-08-29 13:12:31,1217.HK,0.019,0.025,0.019,0.021,3.60M
2018-08-29 13:12:34,1217.HK,0.019,0.025,0.019,0.021,3.60M
2018-08-29 13:12:37,1217.HK,0.019,0.025,0.019,0.021,3.60M
2018-08-29 13:12:40,1217.HK,0.019,0.025,0.019,0.021,3.60M
2018-08-29 13:12:42,1217.HK,0.019,0.025,0.019,0.021,3.60M
2018-08-29 13:12:45,1217.HK,0.019,0.025,0.019,0.021,3.60M
2018-08-29 13:12:49,1217.HK,0.019,0.025,0.019,0.021,3.60M
2018-08-29 13:12:52,1217.HK,0.019,0.025,0.019,0.021,3.60M
2018-08-29 13:12:55,1217.HK,0.019,0.025,0.019,0.021,3.60M
2018-08-29 13:13:02,1217.HK,0.019,0.025,0.019,0.021,3.60M
2018-08-29 13:13:11,1217.HK,0.019,0.025,0.019,0.021,3.60M
2018-08-29 13:13:17,1217.HK,0.019,0.025,0.019,0.021,3.60M
2018-08-29 13:13:20,1217.HK,0.019,0.025,0.019,0.021,3.60M
2018-08-29 13:13:23,1217.HK,0.019,0.025,0.019,0.021,3.60M
2018-08-29 13:13:27,1217.HK,0.019,0.025,0.019,0.021,3.60M
2018-08-29 13:13:30,1217.HK,0.019,0.025,0.019,0.021,3.60M
2018-08-29 13:13:33,1217.HK,0.019,0.025,0.019,0.021,3.60M
2018-08-29 13:13:36,1217.HK,0.019,0.025,0.019,0.021,3.60M
2018-08-29 13:13:39,1217.HK,0.019,0.025,0.019,0.021,3.60M
2018-08-29 13:13:43,1217.HK,0.019,0.025,0.019,0.021,3.60M
2018-08-29 13:13:47,1217.HK,0.019,0.025,0.019,0.021,3.60M
2018-08-29 13:13:51,1217.HK,0.019,0.025,0.019,0.021,3.60M
2018-08-29 13:13:54,1217.HK,0.019,0.025,0.019,0.021,3.60M
2018-08-29 13:14:00,1217.HK,0.019,0.025,0.019,0.021,3.60M
2018-08-29 13:14:13,1217.HK,0.019,0.025,0.019,0.021,3.60M
2018-08-29 13:14:25,1217.HK,0.019,0.025,0.019,0.021,3.60M
2018-08-29 13:14:34,1217.HK,0.019,0.025,0.019,0.021,3.60M
2018-08-29 13:14:37,1217.HK,0.019,0.025,0.019,0.021,3.60M
2018-08-29 13:14:41,1217.HK,0.019,0.025,0.019,0.021,3.60M
2018-08-29 13:14:44,1217.HK,0.019,0.025,0.019,0.021,3.60M
2018-08-29 13:14:48,1217.HK,0.019,0.025,0.019,0.021,3.60M
2018-08-29 13:14:51,1217.HK,0.019,0.025,0.019,0.021,3.60M
2018-08-29 13:14:54,1217.HK,0.019,0.025,0.019,0.021,3.60M
2018-08-29 13:14:57,1217.HK,0.019,0.025,0.019,0.021,3.60M
2018-08-29 13:14:59,1217.HK,0.019,0.025,0.019,0.021,3.60M
2018-08-29 13:15:03,1217.HK,0.019,0.025,0.019,0.021,3.60M
2018-08-29 13:15:07,1217.HK,0.019,0.025,0.019,0.021,3.60M
2018-08-29 13:15:14,1217.HK,0.019,0.025,0.019,0.021,3.60M
2018-08-29 13:15:19,1217.HK,0.019,0.025,0.019,0.021,3.60M
2018-08-29 13:15:25,1217.HK,0.019,0.025,0.019,0.021,3.60M
2018-08-29 13:15:28,1217.HK,0.019,0.025,0.019,0.021,3.60M
2018-08-29 13:15:33,1217.HK,0.019,0.025,0.019,0.021,3.60M
2018-08-29 13:15:35,1217.HK,0.019,0.025,0.019,0.021,3.60M
2018-08-29 13:15:39,1217.HK,0.019,0.025,0.019,0.021,3.60M
2018-08-29 13:15:47,1217.HK,0.019,0.025,0.019,0.021,3.60M
2018-08-29 13:15:51,1217.HK,0.019,0.025,0.019,0.021,3.60M
2018-08-29 13:15:54,1217.HK,0.019,0.025,0.019,0.021,3.60M
2018-08-29 13:16:02,1217.HK,0.019,0.025,0.019,0.021,3.60M
2018-08-29 13:16:17,1217.HK,0.019,0.025,0.019,0.021,3.60M
2018-08-29 13:16:24,1217.HK,0.019,0.025,0.019,0.021,3.60M
2018-08-29 13:16:27,1217.HK,0.019,0.025,0.019,0.021,3.60M
2018-08-29 13:16:30,1217.HK,0.019,0.025,0.019,0.021,3.60M
2018-08-29 13:16:33,1217.HK,0.019,0.025,0.019,0.021,3.60M
2018-08-29 13:16:36,1217.HK,0.019,0.025,0.019,0.021,3.60M
2018-08-29 13:16:39,1217.HK,0.019,0.025,0.019,0.021,3.60M
2018-08-29 13:16:41,1217.HK,0.019,0.025,0.019,0.021,3.60M
2018-08-29 13:16:44,1217.HK,0.019,0.025,0.019,0.021,3.60M
2018-08-29 13:16:46,1217.HK,0.019,0.025,0.019,0.021,3.60M
2018-08-29 13:16:51,1217.HK,0.019,0.025,0.019,0.021,3.60M
2018-08-29 13:16:54,1217.HK,0.019,0.025,0.019,0.021,3.60M
2018-08-29 13:16:57,1217.HK,0.019,0.025,0.019,0.021,3.60M
2018-08-29 13:17:00,1217.HK,0.019,0.025,0.019,0.021,3.60M
2018-08-29 13:17:04,1217.HK,0.019,0.025,0.019,0.021,3.60M
2018-08-29 13:17:07,1217.HK,0.019,0.025,0.019,0.021,3.60M
2018-08-29 13:17:10,1217.HK,0.019,0.025,0.019,0.021,3.60M
2018-08-29 13:17:13,1217.HK,0.019,0.025,0.019,0.021,3.60M
2018-08-29 13:17:17,1217.HK,0.019,0.025,0.019,0.021,3.60M
2018-08-29 13:17:20,1217.HK,0.019,0.025,0.019,0.021,3.60M
2018-08-29 13:17:22,1217.HK,0.019,0.025,0.019,0.021,3.60M
2018-08-29 13:17:25,1217.HK,0.019,0.025,0.019,0.021,3.60M
2018-08-29 13:17:29,1217.HK,0.019,0.025,0.019,0.021,3.60M
2018-08-29 13:17:32,1217.HK,0.019,0.025,0.019,0.021,3.60M
2018-08-29 13:17:35,1217.HK,0.019,0.025,0.019,0.021,3.60M
2018-08-29 13:17:38,1217.HK,0.019,0.025,0.019,0.021,3.60M
2018-08-29 13:17:41,1217.HK,0.019,0.025,0.019,0.021,3.60M
2018-08-29 13:17:44,1217.HK,0.019,0.025,0.019,0.021,3.60M
2018-08-29 13:17:47,1217.HK,0.019,0.025,0.019,0.021,3.60M
2018-08-29 13:17:52,1217.HK,0.019,0.025,0.019,0.021,3.60M
2018-08-29 13:18:01,1217.HK,0.019,0.025,0.019,0.021,3.60M
2018-08-29 13:18:04,1217.HK,0.019,0.025,0.019,0.021,3.60M
2018-08-29 13:18:11,1217.HK,0.019,0.025,0.019,0.021,3.60M
2018-08-29 13:18:13,1217.HK,0.019,0.025,0.019,0.021,3.60M
2018-08-29 13:18:15,1217.HK,0.019,0.025,0.019,0.021,3.60M
2018-08-29 13:18:18,1217.HK,0.019,0.025,0.019,0.021,3.60M
2018-08-29 13:18:21,1217.HK,0.019,0.025,0.019,0.021,3.60M
2018-08-29 13:18:24,1217.HK,0.019,0.025,0.019,0.021,3.60M
2018-08-29 13:18:27,1217.HK,0.019,0.025,0.019,0.021,3.60M
2018-08-29 13:18:30,1217.HK,0.019,0.025,0.019,0.021,3.60M
2018-08-29 13:18:34,1217.HK,0.019,0.025,0.019,0.021,3.60M
2018-08-29 13:18:37,1217.HK,0.019,0.025,0.019,0.021,3.60M
2018-08-29 13:18:42,1217.HK,0.019,0.025,0.019,0.021,3.60M
2018-08-29 13:18:45,1217.HK,0.019,0.025,0.019,0.021,3.60M
2018-08-29 13:18:48,1217.HK,0.019,0.025,0.019,0.021,3.60M
2018-08-29 13:18:52,1217.HK,0.019,0.025,0.019,0.021,3.60M
2018-08-29 13:18:56,1217.HK,0.019,0.025,0.019,0.021,3.60M
2018-08-29 13:19:01,1217.HK,0.019,0.025,0.019,0.021,3.60M
2018-08-29 13:19:03,1217.HK,0.019,0.025,0.019,0.021,3.60M
2018-08-29 13:19:07,1217.HK,0.019,0.025,0.019,0.021,3.60M
2018-08-29 13:19:10,1217.HK,0.019,0.025,0.019,0.021,3.60M
2018-08-29 13:19:14,1217.HK,0.019,0.025,0.019,0.021,3.60M
2018-08-29 13:19:16,1217.HK,0.019,0.025,0.019,0.021,3.60M
2018-08-29 13:19:20,1217.HK,0.019,0.025,0.019,0.021,3.60M
2018-08-29 13:19:23,1217.HK,0.019,0.025,0.019,0.021,3.60M
2018-08-29 13:19:26,1217.HK,0.019,0.025,0.019,0.021,3.60M
2018-08-29 13:19:29,1217.HK,0.019,0.025,0.019,0.021,3.60M
2018-08-29 13:19:32,1217.HK,0.019,0.025,0.019,0.021,3.60M
2018-08-29 13:19:35,1217.HK,0.019,0.025,0.019,0.021,3.60M
2018-08-29 13:19:39,1217.HK,0.019,0.025,0.019,0.021,3.60M
2018-08-29 13:19:42,1217.HK,0.019,0.025,0.019,0.021,3.60M
2018-08-29 13:19:46,1217.HK,0.019,0.025,0.019,0.021,3.60M
2018-08-29 13:19:50,1217.HK,0.019,0.025,0.019,0.021,3.60M
2018-08-29 13:19:53,1217.HK,0.019,0.025,0.019,0.021,3.60M
2018-08-29 13:19:56,1217.HK,0.019,0.025,0.019,0.021,3.60M
2018-08-29 13:20:01,1217.HK,0.019,0.025,0.019,0.021,3.60M
2018-08-29 13:20:04,1217.HK,0.019,0.025,0.019,0.021,3.60M
2018-08-29 13:20:09,1217.HK,0.019,0.025,0.019,0.021,3.60M
2018-08-29 13:20:14,1217.HK,0.019,0.025,0.019,0.021,3.60M
2018-08-29 13:20:18,1217.HK,0.019,0.025,0.019,0.021,3.60M
2018-08-29 13:20:21,1217.HK,0.019,0.025,0.019,0.021,3.60M
2018-08-29 13:20:24,1217.HK,0.019,0.025,0.019,0.021,3.60M
2018-08-29 13:20:27,1217.HK,0.019,0.025,0.019,0.021,3.60M
2018-08-29 13:20:30,1217.HK,0.019,0.025,0.019,0.021,3.60M
2018-08-29 13:20:33,1217.HK,0.019,0.025,0.019,0.021,3.60M
2018-08-29 13:20:36,1217.HK,0.019,0.025,0.019,0.021,3.60M
2018-08-29 13:20:39,1217.HK,0.019,0.025,0.019,0.021,3.60M
2018-08-29 13:20:42,1217.HK,0.019,0.025,0.019,0.021,3.60M
2018-08-29 13:20:45,1217.HK,0.019,0.025,0.019,0.021,3.60M
2018-08-29 13:20:49,1217.HK,0.019,0.025,0.019,0.021,3.60M
2018-08-29 13:20:54,1217.HK,0.019,0.025,0.019,0.021,3.60M
2018-08-29 13:20:57,1217.HK,0.019,0.025,0.019,0.021,3.60M
2018-08-29 13:20:59,1217.HK,0.019,0.025,0.019,0.021,3.60M
2018-08-29 13:21:06,1217.HK,0.019,0.025,0.019,0.021,3.60M
2018-08-29 13:21:11,1217.HK,0.019,0.025,0.019,0.021,3.60M
2018-08-29 13:21:14,1217.HK,0.019,0.025,0.019,0.021,3.60M
2018-08-29 13:21:18,1217.HK,0.019,0.025,0.019,0.021,3.60M
2018-08-29 13:21:22,1217.HK,0.019,0.025,0.019,0.021,3.60M
2018-08-29 13:21:25,1217.HK,0.019,0.025,0.019,0.021,3.60M
2018-08-29 13:21:27,1217.HK,0.019,0.025,0.019,0.021,3.60M
2018-08-29 13:21:31,1217.HK,0.019,0.025,0.019,0.021,3.60M
2018-08-29 13:21:33,1217.HK,0.019,0.025,0.019,0.021,3.60M
2018-08-29 13:21:36,1217.HK,0.019,0.025,0.019,0.021,3.60M
2018-08-29 13:21:39,1217.HK,0.019,0.025,0.019,0.021,3.60M
2018-08-29 13:21:43,1217.HK,0.019,0.025,0.019,0.021,3.60M
2018-08-29 13:21:46,1217.HK,0.019,0.025,0.019,0.021,3.60M
2018-08-29 13:21:49,1217.HK,0.019,0.025,0.019,0.021,3.60M
2018-08-29 13:21:52,1217.HK,0.019,0.025,0.019,0.021,3.60M
2018-08-29 13:21:56,1217.HK,0.019,0.025,0.019,0.021,3.60M
2018-08-29 13:21:59,1217.HK,0.019,0.025,0.019,0.021,3.60M
2018-08-29 13:22:03,1217.HK,0.019,0.025,0.019,0.021,3.60M
2018-08-29 13:22:16,1217.HK,0.019,0.025,0.019,0.021,3.60M
2018-08-29 13:22:28,1217.HK,0.019,0.025,0.019,0.021,3.60M
2018-08-29 13:22:35,1217.HK,0.019,0.025,0.019,0.021,3.60M
2018-08-29 13:22:42,1217.HK,0.019,0.025,0.019,0.021,3.60M
2018-08-29 13:22:47,1217.HK,0.019,0.025,0.019,0.021,3.60M
2018-08-29 13:22:50,1217.HK,0.019,0.025,0.019,0.021,3.60M
2018-08-29 13:22:53,1217.HK,0.019,0.025,0.019,0.021,3.60M
2018-08-29 13:22:57,1217.HK,0.019,0.025,0.019,0.021,3.60M
2018-08-29 13:23:01,1217.HK,0.019,0.025,0.019,0.021,3.60M
2018-08-29 13:23:04,1217.HK,0.019,0.025,0.019,0.021,3.60M
2018-08-29 13:23:09,1217.HK,0.019,0.025,0.019,0.021,3.60M
2018-08-29 13:23:15,1217.HK,0.019,0.025,0.019,0.021,3.60M
2018-08-29 13:23:21,1217.HK,0.019,0.025,0.019,0.021,3.60M
2018-08-29 13:23:29,1217.HK,0.019,0.025,0.019,0.021,3.60M
2018-08-29 13:23:34,1217.HK,0.019,0.025,0.019,0.021,3.60M
2018-08-29 13:23:39,1217.HK,0.019,0.025,0.019,0.021,3.60M
2018-08-29 13:23:43,1217.HK,0.019,0.025,0.019,0.021,3.60M
2018-08-29 13:23:47,1217.HK,0.019,0.025,0.019,0.021,3.60M
2018-08-29 13:23:51,1217.HK,0.019,0.025,0.019,0.021,3.60M
2018-08-29 13:23:55,1217.HK,0.019,0.025,0.019,0.021,3.60M
2018-08-29 13:24:02,1217.HK,0.019,0.025,0.019,0.021,3.60M
2018-08-29 13:24:09,1217.HK,0.019,0.025,0.019,0.021,3.60M
2018-08-29 13:24:17,1217.HK,0.019,0.025,0.019,0.021,3.60M
2018-08-29 13:24:26,1217.HK,0.019,0.025,0.019,0.021,3.60M
2018-08-29 13:24:32,1217.HK,0.019,0.025,0.019,0.021,3.60M
2018-08-29 13:24:35,1217.HK,0.019,0.025,0.019,0.021,3.60M
2018-08-29 13:24:42,1217.HK,0.019,0.025,0.019,0.021,3.60M
2018-08-29 13:24:45,1217.HK,0.019,0.025,0.019,0.021,3.60M
2018-08-29 13:24:50,1217.HK,0.019,0.025,0.019,0.021,3.60M
2018-08-29 13:24:55,1217.HK,0.019,0.025,0.019,0.021,3.60M
2018-08-29 13:24:59,1217.HK,0.019,0.025,0.019,0.021,3.60M
2018-08-29 13:25:03,1217.HK,0.019,0.025,0.019,0.021,3.60M
2018-08-29 13:25:09,1217.HK,0.019,0.025,0.019,0.021,3.60M
2018-08-29 13:25:15,1217.HK,0.019,0.025,0.019,0.021,3.60M
2018-08-29 13:25:20,1217.HK,0.019,0.025,0.019,0.021,3.60M
2018-08-29 13:25:28,1217.HK,0.019,0.025,0.019,0.021,3.60M
2018-08-29 13:25:32,1217.HK,0.019,0.025,0.019,0.021,3.60M
2018-08-29 13:25:40,1217.HK,0.019,0.025,0.019,0.021,3.60M
2018-08-29 13:25:43,1217.HK,0.019,0.025,0.019,0.021,3.60M
2018-08-29 13:25:47,1217.HK,0.019,0.025,0.019,0.021,3.60M
2018-08-29 13:25:56,1217.HK,0.019,0.025,0.019,0.021,3.60M
2018-08-29 13:26:00,1217.HK,0.019,0.025,0.019,0.021,3.60M
2018-08-29 13:26:05,1217.HK,0.019,0.025,0.019,0.021,3.60M
2018-08-29 13:26:10,1217.HK,0.019,0.025,0.019,0.021,3.60M
2018-08-29 13:26:13,1217.HK,0.019,0.025,0.019,0.021,3.60M
2018-08-29 13:26:15,1217.HK,0.019,0.025,0.019,0.021,3.60M
2018-08-29 13:26:21,1217.HK,0.019,0.025,0.019,0.021,3.60M
2018-08-29 13:26:24,1217.HK,0.019,0.025,0.019,0.021,3.60M
2018-08-29 13:26:28,1217.HK,0.019,0.025,0.019,0.021,3.60M
2018-08-29 13:26:31,1217.HK,0.019,0.025,0.019,0.021,3.60M
2018-08-29 13:26:34,1217.HK,0.019,0.025,0.019,0.021,3.60M
2018-08-29 13:26:37,1217.HK,0.019,0.025,0.019,0.021,3.60M
2018-08-29 13:26:40,1217.HK,0.019,0.025,0.019,0.021,3.60M
2018-08-29 13:26:44,1217.HK,0.019,0.025,0.019,0.021,3.60M
2018-08-29 13:26:47,1217.HK,0.019,0.025,0.019,0.021,3.60M
2018-08-29 13:26:51,1217.HK,0.019,0.025,0.019,0.021,3.60M
2018-08-29 13:26:54,1217.HK,0.019,0.025,0.019,0.021,3.60M
2018-08-29 13:26:57,1217.HK,0.019,0.025,0.019,0.021,3.60M
2018-08-29 13:26:59,1217.HK,0.019,0.025,0.019,0.021,3.60M
2018-08-29 13:27:02,1217.HK,0.019,0.025,0.019,0.021,3.60M
2018-08-29 13:27:05,1217.HK,0.019,0.025,0.019,0.021,3.60M
2018-08-29 13:27:07,1217.HK,0.019,0.025,0.019,0.021,3.60M
2018-08-29 13:27:14,1217.HK,0.019,0.025,0.019,0.021,3.60M
2018-08-29 13:27:18,1217.HK,0.019,0.025,0.019,0.021,3.60M
2018-08-29 13:27:20,1217.HK,0.019,0.025,0.019,0.021,3.60M
2018-08-29 13:27:25,1217.HK,0.019,0.025,0.019,0.021,3.60M
2018-08-29 13:27:28,1217.HK,0.019,0.025,0.019,0.021,3.60M
2018-08-29 13:27:31,1217.HK,0.019,0.025,0.019,0.021,3.60M
2018-08-29 13:27:33,1217.HK,0.019,0.025,0.019,0.021,3.60M
2018-08-29 13:27:37,1217.HK,0.019,0.025,0.019,0.021,3.60M
2018-08-29 13:27:40,1217.HK,0.019,0.025,0.019,0.021,3.60M
2018-08-29 13:27:43,1217.HK,0.019,0.025,0.019,0.021,3.60M
2018-08-29 13:27:46,1217.HK,0.019,0.025,0.019,0.021,3.60M
2018-08-29 13:27:49,1217.HK,0.019,0.025,0.019,0.021,3.60M
2018-08-29 13:27:55,1217.HK,0.019,0.025,0.019,0.021,3.60M
2018-08-29 13:28:00,1217.HK,0.019,0.025,0.019,0.021,3.60M
2018-08-29 13:28:08,1217.HK,0.019,0.025,0.019,0.021,3.60M
2018-08-29 13:28:11,1217.HK,0.019,0.025,0.019,0.021,3.60M
2018-08-29 13:28:13,1217.HK,0.019,0.025,0.019,0.021,3.60M
2018-08-29 13:28:17,1217.HK,0.019,0.025,0.019,0.021,3.60M
2018-08-29 13:28:20,1217.HK,0.019,0.025,0.019,0.021,3.60M
2018-08-29 13:28:23,1217.HK,0.019,0.025,0.019,0.021,3.60M
2018-08-29 13:28:26,1217.HK,0.019,0.025,0.019,0.021,3.60M
2018-08-29 13:28:28,1217.HK,0.019,0.025,0.019,0.021,3.60M
2018-08-29 13:28:31,1217.HK,0.019,0.025,0.019,0.021,3.60M
2018-08-29 13:28:34,1217.HK,0.019,0.025,0.019,0.021,3.60M
2018-08-29 13:28:37,1217.HK,0.019,0.025,0.019,0.021,3.60M
2018-08-29 13:28:41,1217.HK,0.019,0.025,0.019,0.021,3.60M
2018-08-29 13:28:46,1217.HK,0.019,0.025,0.019,0.021,3.60M
2018-08-29 13:28:49,1217.HK,0.019,0.025,0.019,0.021,3.60M
2018-08-29 13:28:53,1217.HK,0.019,0.025,0.019,0.021,3.60M
2018-08-29 13:28:56,1217.HK,0.019,0.025,0.019,0.021,3.60M
2018-08-29 13:28:58,1217.HK,0.019,0.025,0.019,0.021,3.60M
2018-08-29 13:29:01,1217.HK,0.019,0.025,0.019,0.021,3.60M
2018-08-29 13:29:05,1217.HK,0.019,0.025,0.019,0.021,3.60M
2018-08-29 13:29:08,1217.HK,0.019,0.025,0.019,0.021,3.60M
2018-08-29 13:29:12,1217.HK,0.019,0.025,0.019,0.021,3.60M
2018-08-29 13:29:15,1217.HK,0.019,0.025,0.019,0.021,3.60M
2018-08-29 13:29:19,1217.HK,0.019,0.025,0.019,0.021,3.60M
2018-08-29 13:29:21,1217.HK,0.019,0.025,0.019,0.021,3.60M
2018-08-29 13:29:26,1217.HK,0.019,0.025,0.019,0.021,3.60M
2018-08-29 13:29:29,1217.HK,0.019,0.025,0.019,0.021,3.60M
2018-08-29 13:29:33,1217.HK,0.019,0.025,0.019,0.021,3.60M
2018-08-29 13:29:36,1217.HK,0.019,0.025,0.019,0.021,3.60M
2018-08-29 13:29:39,1217.HK,0.019,0.025,0.019,0.021,3.60M
2018-08-29 13:29:44,1217.HK,0.019,0.025,0.019,0.021,3.60M
2018-08-29 13:29:49,1217.HK,0.019,0.025,0.019,0.021,3.60M
2018-08-29 13:29:59,1217.HK,0.019,0.025,0.019,0.021,3.60M
2018-08-29 13:30:05,1217.HK,0.019,0.025,0.019,0.021,3.60M
2018-08-29 13:30:11,1217.HK,0.019,0.025,0.019,0.021,3.60M
2018-08-29 13:30:17,1217.HK,0.019,0.025,0.019,0.021,3.60M
2018-08-29 13:30:22,1217.HK,0.019,0.025,0.019,0.021,3.60M
2018-08-29 13:30:26,1217.HK,0.019,0.025,0.019,0.021,3.60M
2018-08-29 13:30:29,1217.HK,0.019,0.025,0.019,0.021,3.60M
2018-08-29 13:30:32,1217.HK,0.019,0.025,0.019,0.021,3.60M
2018-08-29 13:30:36,1217.HK,0.019,0.025,0.019,0.021,3.60M
2018-08-29 13:30:39,1217.HK,0.019,0.025,0.019,0.021,3.60M
2018-08-29 13:30:43,1217.HK,0.019,0.025,0.019,0.021,3.60M
2018-08-29 13:30:46,1217.HK,0.019,0.025,0.019,0.021,3.60M
2018-08-29 13:30:49,1217.HK,0.019,0.025,0.019,0.021,3.60M
2018-08-29 13:30:53,1217.HK,0.019,0.025,0.019,0.021,3.60M
2018-08-29 13:30:56,1217.HK,0.019,0.025,0.019,0.021,3.60M
2018-08-29 13:30:59,1217.HK,0.019,0.025,0.019,0.021,3.60M
2018-08-29 13:31:02,1217.HK,0.019,0.025,0.019,0.021,3.60M
2018-08-29 13:31:16,1217.HK,0.019,0.025,0.019,0.021,3.60M
2018-08-29 13:31:20,1217.HK,0.019,0.025,0.019,0.021,3.60M
2018-08-29 13:31:24,1217.HK,0.019,0.025,0.019,0.021,3.60M
2018-08-29 13:31:31,1217.HK,0.019,0.025,0.019,0.021,3.60M
2018-08-29 13:31:34,1217.HK,0.019,0.025,0.019,0.021,3.60M
2018-08-29 13:31:38,1217.HK,0.019,0.025,0.019,0.021,3.60M
2018-08-29 13:31:42,1217.HK,0.019,0.025,0.019,0.021,3.60M
2018-08-29 13:31:46,1217.HK,0.019,0.025,0.019,0.021,3.60M
2018-08-29 13:31:50,1217.HK,0.019,0.025,0.019,0.021,3.60M
2018-08-29 13:31:53,1217.HK,0.019,0.025,0.019,0.021,3.60M
2018-08-29 13:31:56,1217.HK,0.019,0.025,0.019,0.021,3.60M
2018-08-29 13:32:00,1217.HK,0.019,0.025,0.019,0.021,3.60M
2018-08-29 13:32:05,1217.HK,0.019,0.025,0.019,0.021,3.60M
2018-08-29 13:32:08,1217.HK,0.019,0.025,0.019,0.021,3.60M
2018-08-29 13:32:18,1217.HK,0.019,0.025,0.019,0.021,3.60M
2018-08-29 13:32:24,1217.HK,0.019,0.025,0.019,0.021,3.60M
2018-08-29 13:32:31,1217.HK,0.019,0.025,0.019,0.021,3.60M
2018-08-29 13:32:35,1217.HK,0.019,0.025,0.019,0.021,3.60M
2018-08-29 13:32:38,1217.HK,0.019,0.025,0.019,0.021,3.60M
2018-08-29 13:32:41,1217.HK,0.019,0.025,0.019,0.021,3.60M
2018-08-29 13:32:46,1217.HK,0.019,0.025,0.019,0.021,3.60M
2018-08-29 13:32:50,1217.HK,0.019,0.025,0.019,0.021,3.60M
2018-08-29 13:32:54,1217.HK,0.019,0.025,0.019,0.021,3.60M
2018-08-29 13:32:57,1217.HK,0.019,0.025,0.019,0.021,3.60M
2018-08-29 13:33:00,1217.HK,0.019,0.025,0.019,0.021,3.60M
2018-08-29 13:33:03,1217.HK,0.019,0.025,0.019,0.021,3.60M
2018-08-29 13:33:06,1217.HK,0.019,0.025,0.019,0.021,3.60M
2018-08-29 13:33:12,1217.HK,0.019,0.025,0.019,0.021,3.60M
2018-08-29 13:33:17,1217.HK,0.019,0.025,0.019,0.021,3.60M
2018-08-29 13:33:23,1217.HK,0.019,0.025,0.019,0.021,3.60M
2018-08-29 13:33:27,1217.HK,0.019,0.025,0.019,0.021,3.60M
2018-08-29 13:33:31,1217.HK,0.019,0.025,0.019,0.021,3.60M
2018-08-29 13:33:34,1217.HK,0.019,0.025,0.019,0.021,3.60M
2018-08-29 13:33:37,1217.HK,0.019,0.025,0.019,0.021,3.60M
2018-08-29 13:33:41,1217.HK,0.019,0.025,0.019,0.021,3.60M
2018-08-29 13:33:45,1217.HK,0.019,0.025,0.019,0.021,3.60M
2018-08-29 13:33:49,1217.HK,0.019,0.025,0.019,0.021,3.60M
2018-08-29 13:33:53,1217.HK,0.019,0.025,0.019,0.021,3.60M
2018-08-29 13:34:05,1217.HK,0.019,0.025,0.019,0.021,3.60M
2018-08-29 13:34:15,1217.HK,0.019,0.025,0.019,0.021,3.60M
2018-08-29 13:34:24,1217.HK,0.019,0.025,0.019,0.021,3.60M
2018-08-29 13:34:28,1217.HK,0.019,0.025,0.019,0.021,3.60M
2018-08-29 13:34:31,1217.HK,0.019,0.025,0.019,0.021,3.60M
2018-08-29 13:34:35,1217.HK,0.019,0.025,0.019,0.021,3.60M
2018-08-29 13:34:38,1217.HK,0.019,0.025,0.019,0.021,3.60M
2018-08-29 13:34:39,1217.HK,0.019,0.025,0.019,0.021,3.60M
2018-08-29 13:34:43,1217.HK,0.019,0.025,0.019,0.021,3.60M
2018-08-29 13:34:46,1217.HK,0.019,0.025,0.019,0.021,3.60M
2018-08-29 13:34:48,1217.HK,0.019,0.025,0.019,0.021,3.60M
2018-08-29 13:34:52,1217.HK,0.019,0.025,0.019,0.021,3.60M
2018-08-29 13:34:55,1217.HK,0.019,0.025,0.019,0.021,3.60M
2018-08-29 13:34:58,1217.HK,0.019,0.025,0.019,0.021,3.60M
2018-08-29 13:35:01,1217.HK,0.019,0.025,0.019,0.021,3.60M
2018-08-29 13:35:05,1217.HK,0.019,0.025,0.019,0.021,3.60M
2018-08-29 13:35:07,1217.HK,0.019,0.025,0.019,0.021,3.60M
2018-08-29 13:35:10,1217.HK,0.019,0.025,0.019,0.021,3.60M
2018-08-29 13:35:13,1217.HK,0.019,0.025,0.019,0.021,3.60M
2018-08-29 13:35:17,1217.HK,0.019,0.025,0.019,0.021,3.60M
2018-08-29 13:35:23,1217.HK,0.019,0.025,0.019,0.021,3.60M
2018-08-29 13:35:28,1217.HK,0.019,0.025,0.019,0.021,3.60M
2018-08-29 13:35:32,1217.HK,0.019,0.025,0.019,0.021,3.60M
2018-08-29 13:35:35,1217.HK,0.019,0.025,0.019,0.021,3.60M
2018-08-29 13:35:39,1217.HK,0.019,0.025,0.019,0.021,3.60M
2018-08-29 13:35:42,1217.HK,0.019,0.025,0.019,0.021,3.60M
2018-08-29 13:35:47,1217.HK,0.019,0.025,0.019,0.021,3.60M
2018-08-29 13:35:52,1217.HK,0.019,0.025,0.019,0.021,3.60M
2018-08-29 13:35:59,1217.HK,0.019,0.025,0.019,0.021,3.60M
2018-08-29 13:36:03,1217.HK,0.019,0.025,0.019,0.021,3.60M
2018-08-29 13:36:08,1217.HK,0.019,0.025,0.019,0.021,3.60M
2018-08-29 13:36:11,1217.HK,0.019,0.025,0.019,0.021,3.60M
2018-08-29 13:36:14,1217.HK,0.019,0.025,0.019,0.021,3.60M
2018-08-29 13:36:18,1217.HK,0.019,0.025,0.019,0.021,3.60M
2018-08-29 13:36:21,1217.HK,0.019,0.025,0.019,0.021,3.60M
2018-08-29 13:36:24,1217.HK,0.019,0.025,0.019,0.021,3.60M
2018-08-29 13:36:27,1217.HK,0.019,0.025,0.019,0.021,3.60M
2018-08-29 13:36:31,1217.HK,0.019,0.025,0.019,0.021,3.60M
2018-08-29 13:36:35,1217.HK,0.019,0.025,0.019,0.021,3.60M
2018-08-29 13:36:37,1217.HK,0.019,0.025,0.019,0.021,3.60M
2018-08-29 13:36:41,1217.HK,0.019,0.025,0.019,0.021,3.60M
2018-08-29 13:36:44,1217.HK,0.019,0.025,0.019,0.021,3.60M
2018-08-29 13:36:48,1217.HK,0.019,0.025,0.019,0.021,3.60M
2018-08-29 13:36:49,1217.HK,0.019,0.025,0.019,0.021,3.60M
2018-08-29 13:36:53,1217.HK,0.019,0.025,0.019,0.021,3.60M
2018-08-29 13:36:56,1217.HK,0.019,0.025,0.019,0.021,3.60M
2018-08-29 13:37:00,1217.HK,0.019,0.025,0.019,0.021,3.60M
2018-08-29 13:37:04,1217.HK,0.019,0.025,0.019,0.021,3.60M
2018-08-29 13:37:07,1217.HK,0.019,0.025,0.019,0.021,3.60M
2018-08-29 13:37:11,1217.HK,0.019,0.025,0.019,0.021,3.60M
2018-08-29 13:37:14,1217.HK,0.019,0.025,0.019,0.021,3.60M
2018-08-29 13:37:17,1217.HK,0.019,0.025,0.019,0.021,3.60M
2018-08-29 13:37:20,1217.HK,0.019,0.025,0.019,0.021,3.60M
2018-08-29 13:37:22,1217.HK,0.019,0.025,0.019,0.021,3.60M
2018-08-29 13:37:25,1217.HK,0.019,0.025,0.019,0.021,3.60M
2018-08-29 13:37:29,1217.HK,0.019,0.025,0.019,0.021,3.60M
2018-08-29 13:37:32,1217.HK,0.019,0.025,0.019,0.021,3.60M
2018-08-29 13:37:35,1217.HK,0.019,0.025,0.019,0.021,3.60M
2018-08-29 13:37:38,1217.HK,0.019,0.025,0.019,0.021,3.60M
2018-08-29 13:37:41,1217.HK,0.019,0.025,0.019,0.021,3.60M
2018-08-29 13:37:46,1217.HK,0.019,0.025,0.019,0.021,3.60M
2018-08-29 13:37:50,1217.HK,0.019,0.025,0.019,0.021,3.60M
2018-08-29 13:37:53,1217.HK,0.019,0.025,0.019,0.021,3.60M
2018-08-29 13:38:01,1217.HK,0.019,0.025,0.019,0.021,3.60M
2018-08-29 13:38:07,1217.HK,0.019,0.025,0.019,0.021,3.60M
2018-08-29 13:38:12,1217.HK,0.019,0.025,0.019,0.021,3.60M
2018-08-29 13:38:16,1217.HK,0.019,0.025,0.019,0.021,3.60M
2018-08-29 13:38:19,1217.HK,0.019,0.025,0.019,0.021,3.60M
2018-08-29 13:38:22,1217.HK,0.019,0.025,0.019,0.021,3.60M
2018-08-29 13:38:25,1217.HK,0.019,0.025,0.019,0.021,3.60M
2018-08-29 13:38:29,1217.HK,0.019,0.025,0.019,0.021,3.60M
2018-08-29 13:38:32,1217.HK,0.019,0.025,0.019,0.021,3.60M
2018-08-29 13:38:35,1217.HK,0.019,0.025,0.019,0.021,3.60M
2018-08-29 13:38:39,1217.HK,0.019,0.025,0.019,0.021,3.60M
2018-08-29 13:38:43,1217.HK,0.019,0.025,0.019,0.021,3.60M
2018-08-29 13:38:46,1217.HK,0.019,0.025,0.019,0.021,3.60M
2018-08-29 13:38:49,1217.HK,0.019,0.025,0.019,0.021,3.60M
2018-08-29 13:38:54,1217.HK,0.019,0.025,0.019,0.021,3.60M
2018-08-29 13:38:57,1217.HK,0.019,0.025,0.019,0.021,3.60M
2018-08-29 13:39:01,1217.HK,0.019,0.025,0.019,0.021,3.60M
2018-08-29 13:39:05,1217.HK,0.019,0.025,0.019,0.021,3.60M
2018-08-29 13:39:13,1217.HK,0.019,0.025,0.019,0.021,3.60M
2018-08-29 13:39:21,1217.HK,0.019,0.025,0.019,0.021,3.60M
2018-08-29 13:39:25,1217.HK,0.019,0.025,0.019,0.021,3.60M
2018-08-29 13:39:30,1217.HK,0.019,0.025,0.019,0.021,3.60M
2018-08-29 13:39:33,1217.HK,0.019,0.025,0.019,0.021,3.60M
2018-08-29 13:39:37,1217.HK,0.019,0.025,0.019,0.021,3.60M
2018-08-29 13:39:40,1217.HK,0.019,0.025,0.019,0.021,3.60M
2018-08-29 13:39:44,1217.HK,0.019,0.025,0.019,0.021,3.60M
2018-08-29 13:39:47,1217.HK,0.019,0.025,0.019,0.021,3.60M
2018-08-29 13:39:52,1217.HK,0.019,0.025,0.019,0.021,3.60M
2018-08-29 13:39:56,1217.HK,0.019,0.025,0.019,0.021,3.60M
2018-08-29 13:40:08,1217.HK,0.019,0.025,0.019,0.021,3.60M
2018-08-29 13:40:18,1217.HK,0.019,0.025,0.019,0.021,3.60M
2018-08-29 13:40:21,1217.HK,0.019,0.025,0.019,0.021,3.60M
2018-08-29 13:40:25,1217.HK,0.019,0.025,0.019,0.021,3.60M
2018-08-29 13:40:29,1217.HK,0.019,0.025,0.019,0.021,3.60M
2018-08-29 13:40:32,1217.HK,0.019,0.025,0.019,0.021,3.60M
2018-08-29 13:40:34,1217.HK,0.019,0.025,0.019,0.021,3.60M
2018-08-29 13:40:38,1217.HK,0.019,0.025,0.019,0.021,3.60M
2018-08-29 13:40:41,1217.HK,0.019,0.025,0.019,0.021,3.60M
2018-08-29 13:40:45,1217.HK,0.019,0.025,0.019,0.021,3.60M
2018-08-29 13:40:49,1217.HK,0.019,0.025,0.019,0.021,3.60M
2018-08-29 13:40:53,1217.HK,0.019,0.025,0.019,0.021,3.60M
2018-08-29 13:40:56,1217.HK,0.019,0.025,0.019,0.021,3.60M
2018-08-29 13:41:00,1217.HK,0.019,0.025,0.019,0.021,3.60M
2018-08-29 13:41:04,1217.HK,0.019,0.025,0.019,0.021,3.60M
2018-08-29 13:41:07,1217.HK,0.019,0.025,0.019,0.021,3.60M
2018-08-29 13:41:13,1217.HK,0.019,0.025,0.019,0.021,3.60M
2018-08-29 13:41:23,1217.HK,0.019,0.025,0.019,0.021,3.60M
2018-08-29 13:41:27,1217.HK,0.019,0.025,0.019,0.021,3.60M
2018-08-29 13:41:36,1217.HK,0.019,0.025,0.019,0.021,3.60M
2018-08-29 13:41:39,1217.HK,0.019,0.025,0.019,0.021,3.60M
2018-08-29 13:41:45,1217.HK,0.019,0.025,0.019,0.021,3.60M
2018-08-29 13:41:49,1217.HK,0.019,0.025,0.019,0.021,3.60M
2018-08-29 13:41:55,1217.HK,0.019,0.025,0.019,0.021,3.60M
2018-08-29 13:41:58,1217.HK,0.019,0.025,0.019,0.021,3.60M
2018-08-29 13:42:03,1217.HK,0.019,0.025,0.019,0.021,3.60M
2018-08-29 13:42:08,1217.HK,0.019,0.025,0.019,0.021,3.60M
2018-08-29 13:42:18,1217.HK,0.019,0.025,0.019,0.021,3.60M
2018-08-29 13:42:21,1217.HK,0.019,0.025,0.019,0.021,3.60M
2018-08-29 13:42:29,1217.HK,0.019,0.025,0.019,0.021,3.60M
2018-08-29 13:42:33,1217.HK,0.019,0.025,0.019,0.021,3.60M
2018-08-29 13:42:37,1217.HK,0.019,0.025,0.019,0.021,3.60M
2018-08-29 13:42:43,1217.HK,0.019,0.025,0.019,0.021,3.60M
2018-08-29 13:42:47,1217.HK,0.019,0.025,0.019,0.021,3.60M
2018-08-29 13:42:51,1217.HK,0.019,0.025,0.019,0.021,3.60M
2018-08-29 13:42:54,1217.HK,0.019,0.025,0.019,0.021,3.60M
2018-08-29 13:42:57,1217.HK,0.019,0.025,0.019,0.021,3.60M
2018-08-29 13:43:00,1217.HK,0.019,0.025,0.019,0.021,3.60M
2018-08-29 13:43:04,1217.HK,0.019,0.025,0.019,0.021,3.60M
2018-08-29 13:43:11,1217.HK,0.019,0.025,0.019,0.021,3.60M
2018-08-29 13:43:17,1217.HK,0.019,0.025,0.019,0.021,3.60M
2018-08-29 13:43:21,1217.HK,0.019,0.025,0.019,0.021,3.60M
2018-08-29 13:43:33,1217.HK,0.019,0.025,0.019,0.021,3.60M
2018-08-29 13:43:37,1217.HK,0.019,0.025,0.019,0.021,3.60M
2018-08-29 13:43:40,1217.HK,0.019,0.025,0.019,0.021,3.60M
2018-08-29 13:43:45,1217.HK,0.019,0.025,0.019,0.021,3.60M
2018-08-29 13:43:49,1217.HK,0.019,0.025,0.019,0.021,3.60M
2018-08-29 13:43:53,1217.HK,0.019,0.025,0.019,0.021,3.60M
2018-08-29 13:44:00,1217.HK,0.019,0.025,0.019,0.021,3.60M
2018-08-29 13:44:03,1217.HK,0.019,0.025,0.019,0.021,3.60M
2018-08-29 13:44:08,1217.HK,0.019,0.025,0.019,0.021,3.60M
2018-08-29 13:44:19,1217.HK,0.019,0.025,0.019,0.021,3.60M
2018-08-29 13:44:23,1217.HK,0.019,0.025,0.019,0.021,3.60M
2018-08-29 13:44:30,1217.HK,0.019,0.025,0.019,0.021,3.60M
2018-08-29 13:44:35,1217.HK,0.019,0.025,0.019,0.021,3.60M
2018-08-29 13:44:39,1217.HK,0.019,0.025,0.019,0.021,3.60M
2018-08-29 13:44:42,1217.HK,0.019,0.025,0.019,0.021,3.60M
2018-08-29 13:44:44,1217.HK,0.019,0.025,0.019,0.021,3.60M
2018-08-29 13:44:47,1217.HK,0.019,0.025,0.019,0.021,3.60M
2018-08-29 13:44:51,1217.HK,0.019,0.025,0.019,0.021,3.60M
2018-08-29 13:44:54,1217.HK,0.019,0.025,0.019,0.021,3.60M
2018-08-29 13:44:56,1217.HK,0.019,0.025,0.019,0.021,3.60M
2018-08-29 13:44:59,1217.HK,0.019,0.025,0.019,0.021,3.60M
2018-08-29 13:45:03,1217.HK,0.019,0.025,0.019,0.021,3.60M
2018-08-29 13:45:09,1217.HK,0.019,0.025,0.019,0.021,3.60M
2018-08-29 13:45:12,1217.HK,0.019,0.025,0.019,0.021,3.60M
2018-08-29 13:45:14,1217.HK,0.019,0.025,0.019,0.021,3.60M
2018-08-29 13:45:17,1217.HK,0.019,0.025,0.019,0.021,3.60M
2018-08-29 13:45:22,1217.HK,0.019,0.025,0.019,0.021,3.60M
2018-08-29 13:45:27,1217.HK,0.019,0.025,0.019,0.021,3.60M
2018-08-29 13:45:30,1217.HK,0.019,0.025,0.019,0.021,3.60M
2018-08-29 13:45:33,1217.HK,0.019,0.025,0.019,0.021,3.60M
2018-08-29 13:45:36,1217.HK,0.019,0.025,0.019,0.021,3.60M
2018-08-29 13:45:39,1217.HK,0.019,0.025,0.019,0.021,3.60M
2018-08-29 13:45:43,1217.HK,0.019,0.025,0.019,0.020,3.60M
2018-08-29 13:45:47,1217.HK,0.019,0.025,0.019,0.020,3.60M
2018-08-29 13:45:50,1217.HK,0.019,0.025,0.019,0.020,3.60M
2018-08-29 13:45:52,1217.HK,0.019,0.025,0.019,0.020,3.60M
2018-08-29 13:45:55,1217.HK,0.019,0.025,0.019,0.020,3.60M
2018-08-29 13:46:03,1217.HK,0.019,0.025,0.019,0.020,3.60M
2018-08-29 13:46:06,1217.HK,0.019,0.025,0.019,0.020,3.60M
2018-08-29 13:46:14,1217.HK,0.019,0.025,0.019,0.020,3.60M
2018-08-29 13:46:21,1217.HK,0.019,0.025,0.019,0.020,3.60M
2018-08-29 13:46:25,1217.HK,0.019,0.025,0.019,0.020,3.60M
2018-08-29 13:46:29,1217.HK,0.019,0.025,0.019,0.020,3.60M
2018-08-29 13:46:33,1217.HK,0.019,0.025,0.019,0.020,3.60M
2018-08-29 13:46:36,1217.HK,0.019,0.025,0.019,0.020,3.60M
2018-08-29 13:46:38,1217.HK,0.019,0.025,0.019,0.020,3.60M
2018-08-29 13:46:42,1217.HK,0.019,0.025,0.019,0.020,3.60M
2018-08-29 13:46:45,1217.HK,0.019,0.025,0.019,0.020,3.60M
2018-08-29 13:46:50,1217.HK,0.019,0.025,0.019,0.020,3.60M
2018-08-29 13:46:53,1217.HK,0.019,0.025,0.019,0.020,3.60M
2018-08-29 13:46:57,1217.HK,0.019,0.025,0.019,0.020,3.60M
2018-08-29 13:47:00,1217.HK,0.019,0.025,0.019,0.020,3.60M
2018-08-29 13:47:02,1217.HK,0.019,0.025,0.019,0.020,3.60M
2018-08-29 13:47:05,1217.HK,0.019,0.025,0.019,0.020,3.60M
2018-08-29 13:47:09,1217.HK,0.019,0.025,0.019,0.020,3.60M
2018-08-29 13:47:12,1217.HK,0.019,0.025,0.019,0.020,3.60M
2018-08-29 13:47:16,1217.HK,0.019,0.025,0.019,0.020,3.60M
2018-08-29 13:47:19,1217.HK,0.019,0.025,0.019,0.020,3.60M
2018-08-29 13:47:22,1217.HK,0.019,0.025,0.019,0.020,3.60M
2018-08-29 13:47:25,1217.HK,0.019,0.025,0.019,0.020,3.60M
2018-08-29 13:47:31,1217.HK,0.019,0.025,0.019,0.020,3.60M
2018-08-29 13:47:35,1217.HK,0.019,0.025,0.019,0.020,3.60M
2018-08-29 13:47:39,1217.HK,0.019,0.025,0.019,0.020,3.60M
2018-08-29 13:47:43,1217.HK,0.019,0.025,0.019,0.020,3.60M
2018-08-29 13:47:49,1217.HK,0.019,0.025,0.019,0.020,3.60M
2018-08-29 13:47:53,1217.HK,0.019,0.025,0.019,0.020,3.60M
2018-08-29 13:48:02,1217.HK,0.019,0.025,0.019,0.020,3.60M
2018-08-29 13:48:05,1217.HK,0.019,0.025,0.019,0.020,3.60M
2018-08-29 13:48:07,1217.HK,0.019,0.025,0.019,0.020,3.60M
2018-08-29 13:48:15,1217.HK,0.019,0.025,0.019,0.020,3.60M
2018-08-29 13:48:23,1217.HK,0.019,0.025,0.019,0.020,3.60M
2018-08-29 13:48:27,1217.HK,0.019,0.025,0.019,0.020,3.60M
2018-08-29 13:48:30,1217.HK,0.019,0.025,0.019,0.020,3.60M
2018-08-29 13:48:33,1217.HK,0.019,0.025,0.019,0.020,3.60M
2018-08-29 13:48:37,1217.HK,0.019,0.025,0.019,0.020,3.60M
2018-08-29 13:48:40,1217.HK,0.019,0.025,0.019,0.020,3.60M
2018-08-29 13:48:42,1217.HK,0.019,0.025,0.019,0.020,3.60M
2018-08-29 13:48:46,1217.HK,0.019,0.025,0.019,0.020,3.60M
2018-08-29 13:48:50,1217.HK,0.019,0.025,0.019,0.020,3.60M
2018-08-29 13:48:54,1217.HK,0.019,0.025,0.019,0.020,3.60M
2018-08-29 13:48:58,1217.HK,0.019,0.025,0.019,0.020,3.60M
2018-08-29 13:49:02,1217.HK,0.019,0.025,0.019,0.020,3.60M
2018-08-29 13:49:06,1217.HK,0.019,0.025,0.019,0.020,3.60M
2018-08-29 13:49:09,1217.HK,0.019,0.025,0.019,0.020,3.60M
2018-08-29 13:49:14,1217.HK,0.019,0.025,0.019,0.020,3.60M
2018-08-29 13:49:19,1217.HK,0.019,0.025,0.019,0.020,3.60M
2018-08-29 13:49:27,1217.HK,0.019,0.025,0.019,0.020,3.60M
2018-08-29 13:49:32,1217.HK,0.019,0.025,0.019,0.020,3.60M
2018-08-29 13:49:37,1217.HK,0.019,0.025,0.019,0.020,3.60M
2018-08-29 13:49:41,1217.HK,0.019,0.025,0.019,0.020,3.60M
2018-08-29 13:49:46,1217.HK,0.019,0.025,0.019,0.020,3.60M
2018-08-29 13:49:49,1217.HK,0.019,0.025,0.019,0.020,3.60M
2018-08-29 13:49:51,1217.HK,0.019,0.025,0.019,0.020,3.60M
2018-08-29 13:49:56,1217.HK,0.019,0.025,0.019,0.020,3.60M
2018-08-29 13:50:08,1217.HK,0.019,0.025,0.019,0.020,3.60M
2018-08-29 13:50:20,1217.HK,0.019,0.025,0.019,0.020,3.60M
2018-08-29 13:50:24,1217.HK,0.019,0.025,0.019,0.020,3.60M
2018-08-29 13:50:27,1217.HK,0.019,0.025,0.019,0.020,3.60M
2018-08-29 13:50:31,1217.HK,0.019,0.025,0.019,0.020,3.60M
2018-08-29 13:50:34,1217.HK,0.019,0.025,0.019,0.020,3.60M
2018-08-29 13:50:38,1217.HK,0.019,0.025,0.019,0.020,3.60M
2018-08-29 13:50:41,1217.HK,0.019,0.025,0.019,0.020,3.60M
2018-08-29 13:50:46,1217.HK,0.019,0.025,0.019,0.020,3.60M
2018-08-29 13:50:49,1217.HK,0.019,0.025,0.019,0.020,3.60M
2018-08-29 13:50:52,1217.HK,0.019,0.025,0.019,0.020,3.60M
2018-08-29 13:50:56,1217.HK,0.019,0.025,0.019,0.020,3.60M
2018-08-29 13:50:59,1217.HK,0.019,0.025,0.019,0.020,3.60M
2018-08-29 13:51:02,1217.HK,0.019,0.025,0.019,0.020,3.60M
2018-08-29 13:51:06,1217.HK,0.019,0.025,0.019,0.020,3.60M
2018-08-29 13:51:15,1217.HK,0.019,0.025,0.019,0.020,3.60M
2018-08-29 13:51:24,1217.HK,0.019,0.025,0.019,0.020,3.60M
2018-08-29 13:51:31,1217.HK,0.019,0.025,0.019,0.020,3.60M
2018-08-29 13:51:34,1217.HK,0.019,0.025,0.019,0.020,3.60M
2018-08-29 13:51:36,1217.HK,0.019,0.025,0.019,0.020,3.60M
2018-08-29 13:51:39,1217.HK,0.019,0.025,0.019,0.020,3.60M
2018-08-29 13:51:42,1217.HK,0.019,0.025,0.019,0.020,3.60M
2018-08-29 13:51:44,1217.HK,0.019,0.025,0.019,0.020,3.60M
2018-08-29 13:51:47,1217.HK,0.019,0.025,0.019,0.020,3.60M
2018-08-29 13:51:52,1217.HK,0.019,0.025,0.019,0.020,3.60M
2018-08-29 13:51:55,1217.HK,0.019,0.025,0.019,0.020,3.60M
2018-08-29 13:51:58,1217.HK,0.019,0.025,0.019,0.020,3.60M
2018-08-29 13:52:03,1217.HK,0.019,0.025,0.019,0.020,3.60M
2018-08-29 13:52:16,1217.HK,0.019,0.025,0.019,0.020,3.60M
2018-08-29 13:52:23,1217.HK,0.019,0.025,0.019,0.020,3.60M
2018-08-29 13:52:29,1217.HK,0.019,0.025,0.019,0.020,3.60M
2018-08-29 13:52:32,1217.HK,0.019,0.025,0.019,0.020,3.60M
2018-08-29 13:52:34,1217.HK,0.019,0.025,0.019,0.020,3.60M
2018-08-29 13:52:37,1217.HK,0.019,0.025,0.019,0.020,3.60M
2018-08-29 13:52:41,1217.HK,0.019,0.025,0.019,0.020,3.60M
2018-08-29 13:52:44,1217.HK,0.019,0.025,0.019,0.020,3.60M
2018-08-29 13:52:46,1217.HK,0.019,0.025,0.019,0.020,3.60M
2018-08-29 13:52:49,1217.HK,0.019,0.025,0.019,0.020,3.60M
2018-08-29 13:52:54,1217.HK,0.019,0.025,0.019,0.020,3.60M
2018-08-29 13:52:56,1217.HK,0.019,0.025,0.019,0.020,3.60M
2018-08-29 13:53:00,1217.HK,0.019,0.025,0.019,0.020,3.60M
2018-08-29 13:53:04,1217.HK,0.019,0.025,0.019,0.020,3.60M
2018-08-29 13:53:10,1217.HK,0.019,0.025,0.019,0.020,3.60M
2018-08-29 13:53:17,1217.HK,0.019,0.025,0.019,0.020,3.60M
2018-08-29 13:53:21,1217.HK,0.019,0.025,0.019,0.020,3.60M
2018-08-29 13:53:24,1217.HK,0.019,0.025,0.019,0.020,3.60M
2018-08-29 13:53:28,1217.HK,0.019,0.025,0.019,0.020,3.60M
2018-08-29 13:53:31,1217.HK,0.019,0.025,0.019,0.020,3.60M
2018-08-29 13:53:34,1217.HK,0.019,0.025,0.019,0.020,3.60M
2018-08-29 13:53:36,1217.HK,0.019,0.025,0.019,0.020,3.60M
2018-08-29 13:53:39,1217.HK,0.019,0.025,0.019,0.020,3.60M
2018-08-29 13:53:42,1217.HK,0.019,0.025,0.019,0.020,3.60M
2018-08-29 13:53:46,1217.HK,0.019,0.025,0.019,0.020,3.60M
2018-08-29 13:53:49,1217.HK,0.019,0.025,0.019,0.020,3.60M
2018-08-29 13:53:58,1217.HK,0.019,0.025,0.019,0.020,3.60M
2018-08-29 13:54:02,1217.HK,0.019,0.025,0.019,0.020,3.60M
2018-08-29 13:54:20,1217.HK,0.019,0.025,0.019,0.020,3.60M
2018-08-29 13:54:28,1217.HK,0.019,0.025,0.019,0.020,3.60M
2018-08-29 13:54:34,1217.HK,0.019,0.025,0.019,0.020,3.60M
2018-08-29 13:54:38,1217.HK,0.019,0.025,0.019,0.020,3.60M
2018-08-29 13:54:40,1217.HK,0.019,0.025,0.019,0.020,3.60M
2018-08-29 13:54:43,1217.HK,0.019,0.025,0.019,0.020,3.60M
2018-08-29 13:54:46,1217.HK,0.019,0.025,0.019,0.020,3.60M
2018-08-29 13:54:48,1217.HK,0.019,0.025,0.019,0.020,3.60M
2018-08-29 13:54:53,1217.HK,0.019,0.025,0.019,0.020,3.60M
2018-08-29 13:54:57,1217.HK,0.019,0.025,0.019,0.020,3.60M
2018-08-29 13:55:00,1217.HK,0.019,0.025,0.019,0.020,3.60M
2018-08-29 13:55:03,1217.HK,0.019,0.025,0.019,0.020,3.60M
2018-08-29 13:55:10,1217.HK,0.019,0.025,0.019,0.020,3.60M
2018-08-29 13:55:18,1217.HK,0.019,0.025,0.019,0.020,3.60M
2018-08-29 13:55:21,1217.HK,0.019,0.025,0.019,0.020,3.60M
2018-08-29 13:55:24,1217.HK,0.019,0.025,0.019,0.020,3.60M
2018-08-29 13:55:28,1217.HK,0.019,0.025,0.019,0.020,3.60M
2018-08-29 13:55:30,1217.HK,0.019,0.025,0.019,0.020,3.60M
2018-08-29 13:55:33,1217.HK,0.019,0.025,0.019,0.020,3.60M
2018-08-29 13:55:37,1217.HK,0.019,0.025,0.019,0.020,3.60M
2018-08-29 13:55:40,1217.HK,0.019,0.025,0.019,0.020,3.60M
2018-08-29 13:55:43,1217.HK,0.019,0.025,0.019,0.020,3.60M
2018-08-29 13:55:46,1217.HK,0.019,0.025,0.019,0.020,3.60M
2018-08-29 13:55:49,1217.HK,0.019,0.025,0.019,0.020,3.60M
2018-08-29 13:55:53,1217.HK,0.019,0.025,0.019,0.020,3.60M
2018-08-29 13:56:01,1217.HK,0.019,0.025,0.019,0.020,3.60M
2018-08-29 13:56:08,1217.HK,0.019,0.025,0.019,0.020,3.60M
2018-08-29 13:56:15,1217.HK,0.019,0.025,0.019,0.020,3.60M
2018-08-29 13:56:18,1217.HK,0.019,0.025,0.019,0.020,3.60M
2018-08-29 13:56:22,1217.HK,0.019,0.025,0.019,0.020,3.60M
2018-08-29 13:56:25,1217.HK,0.019,0.025,0.019,0.020,3.60M
2018-08-29 13:56:28,1217.HK,0.019,0.025,0.019,0.020,3.60M
2018-08-29 13:56:30,1217.HK,0.019,0.025,0.019,0.020,3.60M
2018-08-29 13:56:34,1217.HK,0.019,0.025,0.019,0.020,3.60M
2018-08-29 13:56:37,1217.HK,0.019,0.025,0.019,0.020,3.60M
2018-08-29 13:56:40,1217.HK,0.019,0.025,0.019,0.020,3.60M
2018-08-29 13:56:45,1217.HK,0.019,0.025,0.019,0.020,3.60M
2018-08-29 13:56:48,1217.HK,0.019,0.025,0.019,0.020,3.60M
2018-08-29 13:56:51,1217.HK,0.019,0.025,0.019,0.020,3.60M
2018-08-29 13:56:54,1217.HK,0.019,0.025,0.019,0.020,3.60M
2018-08-29 13:56:56,1217.HK,0.019,0.025,0.019,0.020,3.60M
2018-08-29 13:56:59,1217.HK,0.019,0.025,0.019,0.020,3.60M
2018-08-29 13:57:02,1217.HK,0.019,0.025,0.019,0.020,3.60M
2018-08-29 13:57:04,1217.HK,0.019,0.025,0.019,0.020,3.60M
2018-08-29 13:57:08,1217.HK,0.019,0.025,0.019,0.020,3.60M
2018-08-29 13:57:11,1217.HK,0.019,0.025,0.019,0.020,3.60M
2018-08-29 13:57:15,1217.HK,0.019,0.025,0.019,0.020,3.60M
2018-08-29 13:57:18,1217.HK,0.019,0.025,0.019,0.020,3.60M
2018-08-29 13:57:20,1217.HK,0.019,0.025,0.019,0.020,3.60M
2018-08-29 13:57:22,1217.HK,0.019,0.025,0.019,0.020,3.60M
2018-08-29 13:57:26,1217.HK,0.019,0.025,0.019,0.020,3.60M
2018-08-29 13:57:29,1217.HK,0.019,0.025,0.019,0.020,3.60M
2018-08-29 13:57:32,1217.HK,0.019,0.025,0.019,0.020,3.60M
2018-08-29 13:57:34,1217.HK,0.019,0.025,0.019,0.020,3.60M
2018-08-29 13:57:38,1217.HK,0.019,0.025,0.019,0.020,3.60M
2018-08-29 13:57:43,1217.HK,0.019,0.025,0.019,0.020,3.60M
2018-08-29 13:57:46,1217.HK,0.019,0.025,0.019,0.020,3.60M
2018-08-29 13:57:50,1217.HK,0.019,0.025,0.019,0.020,3.60M
2018-08-29 13:57:54,1217.HK,0.019,0.025,0.019,0.020,3.60M
2018-08-29 13:57:58,1217.HK,0.019,0.025,0.019,0.020,3.60M
2018-08-29 13:58:01,1217.HK,0.019,0.025,0.019,0.020,3.60M
2018-08-29 13:58:07,1217.HK,0.019,0.025,0.019,0.020,3.60M
2018-08-29 13:58:11,1217.HK,0.019,0.025,0.019,0.020,3.60M
2018-08-29 13:58:15,1217.HK,0.019,0.025,0.019,0.020,3.60M
2018-08-29 13:58:18,1217.HK,0.019,0.025,0.019,0.020,3.60M
2018-08-29 13:58:22,1217.HK,0.019,0.025,0.019,0.020,3.60M
2018-08-29 13:58:29,1217.HK,0.019,0.025,0.019,0.020,3.60M
2018-08-29 13:58:32,1217.HK,0.019,0.025,0.019,0.020,3.60M
2018-08-29 13:58:36,1217.HK,0.019,0.025,0.019,0.020,3.60M
2018-08-29 13:58:38,1217.HK,0.019,0.025,0.019,0.020,3.60M
2018-08-29 13:58:42,1217.HK,0.019,0.025,0.019,0.020,3.60M
2018-08-29 13:58:45,1217.HK,0.019,0.025,0.019,0.020,3.60M
2018-08-29 13:58:48,1217.HK,0.019,0.025,0.019,0.020,3.60M
2018-08-29 13:58:51,1217.HK,0.019,0.025,0.019,0.020,3.60M
2018-08-29 13:58:55,1217.HK,0.019,0.025,0.019,0.020,3.60M
2018-08-29 13:58:59,1217.HK,0.019,0.025,0.019,0.020,3.60M
2018-08-29 13:59:02,1217.HK,0.019,0.025,0.019,0.020,3.60M
2018-08-29 13:59:06,1217.HK,0.019,0.025,0.019,0.020,3.60M
2018-08-29 13:59:15,1217.HK,0.019,0.025,0.019,0.020,3.60M
2018-08-29 13:59:18,1217.HK,0.019,0.025,0.019,0.020,3.60M
2018-08-29 13:59:23,1217.HK,0.019,0.025,0.019,0.020,3.60M
2018-08-29 13:59:30,1217.HK,0.019,0.025,0.019,0.020,3.60M
2018-08-29 13:59:34,1217.HK,0.019,0.025,0.019,0.020,3.60M
2018-08-29 13:59:40,1217.HK,0.019,0.025,0.019,0.020,3.60M
2018-08-29 13:59:46,1217.HK,0.019,0.025,0.019,0.020,3.60M
2018-08-29 13:59:49,1217.HK,0.019,0.025,0.018,0.018,5.92M
2018-08-29 13:59:54,1217.HK,0.019,0.025,0.018,0.018,5.92M
2018-08-29 13:59:58,1217.HK,0.019,0.025,0.018,0.018,5.92M
2018-08-29 14:00:07,1217.HK,0.019,0.025,0.018,0.018,5.92M
2018-08-29 14:00:16,1217.HK,0.019,0.025,0.018,0.018,5.92M
2018-08-29 14:00:19,1217.HK,0.019,0.025,0.018,0.018,5.92M
2018-08-29 14:00:22,1217.HK,0.019,0.025,0.018,0.018,5.92M
2018-08-29 14:00:27,1217.HK,0.019,0.025,0.018,0.018,5.92M
2018-08-29 14:00:32,1217.HK,0.019,0.025,0.018,0.018,5.92M
2018-08-29 14:00:35,1217.HK,0.019,0.025,0.018,0.018,5.92M
2018-08-29 14:00:39,1217.HK,0.019,0.025,0.018,0.018,5.92M
2018-08-29 14:00:42,1217.HK,0.019,0.025,0.018,0.018,5.92M
2018-08-29 14:00:46,1217.HK,0.019,0.025,0.018,0.018,5.92M
2018-08-29 14:00:49,1217.HK,0.019,0.025,0.018,0.018,5.92M
2018-08-29 14:00:51,1217.HK,0.019,0.025,0.018,0.018,5.92M
2018-08-29 14:00:54,1217.HK,0.019,0.025,0.018,0.018,5.92M
2018-08-29 14:00:57,1217.HK,0.019,0.025,0.018,0.018,5.92M
2018-08-29 14:01:00,1217.HK,0.019,0.025,0.018,0.018,5.92M
2018-08-29 14:01:03,1217.HK,0.019,0.025,0.018,0.018,5.92M
2018-08-29 14:01:07,1217.HK,0.019,0.025,0.018,0.018,5.92M
2018-08-29 14:01:09,1217.HK,0.019,0.025,0.018,0.018,5.92M
2018-08-29 14:01:14,1217.HK,0.019,0.025,0.018,0.018,5.92M
2018-08-29 14:01:18,1217.HK,0.019,0.025,0.018,0.018,5.92M
2018-08-29 14:01:21,1217.HK,0.019,0.025,0.018,0.018,5.92M
2018-08-29 14:01:31,1217.HK,0.019,0.025,0.018,0.018,5.92M
2018-08-29 14:01:36,1217.HK,0.019,0.025,0.018,0.018,5.92M
2018-08-29 14:01:41,1217.HK,0.019,0.025,0.018,0.018,5.92M
2018-08-29 14:01:46,1217.HK,0.019,0.025,0.018,0.018,5.92M
2018-08-29 14:01:51,1217.HK,0.019,0.025,0.018,0.018,5.92M
2018-08-29 14:01:57,1217.HK,0.019,0.025,0.018,0.018,5.92M
2018-08-29 14:02:01,1217.HK,0.019,0.025,0.018,0.018,5.92M
2018-08-29 14:02:03,1217.HK,0.019,0.025,0.018,0.018,5.92M
2018-08-29 14:02:16,1217.HK,0.019,0.025,0.018,0.018,5.92M
2018-08-29 14:02:19,1217.HK,0.019,0.025,0.018,0.018,5.92M
2018-08-29 14:02:21,1217.HK,0.019,0.025,0.018,0.018,5.92M
2018-08-29 14:02:24,1217.HK,0.019,0.025,0.018,0.018,5.92M
2018-08-29 14:02:28,1217.HK,0.019,0.025,0.018,0.018,5.92M
2018-08-29 14:02:33,1217.HK,0.019,0.025,0.018,0.018,5.92M
2018-08-29 14:02:36,1217.HK,0.019,0.025,0.018,0.018,5.92M
2018-08-29 14:02:39,1217.HK,0.019,0.025,0.018,0.018,5.92M
2018-08-29 14:02:42,1217.HK,0.019,0.025,0.018,0.018,5.92M
2018-08-29 14:02:51,1217.HK,0.019,0.025,0.018,0.018,5.92M
2018-08-29 14:02:54,1217.HK,0.019,0.025,0.018,0.018,5.92M
2018-08-29 14:02:57,1217.HK,0.019,0.025,0.018,0.018,5.92M
2018-08-29 14:02:59,1217.HK,0.019,0.025,0.018,0.018,5.92M
2018-08-29 14:03:05,1217.HK,0.019,0.025,0.018,0.018,5.92M
2018-08-29 14:03:09,1217.HK,0.019,0.025,0.018,0.018,5.92M
2018-08-29 14:03:15,1217.HK,0.019,0.025,0.018,0.019,6.00M
2018-08-29 14:03:21,1217.HK,0.019,0.025,0.018,0.019,6.00M
2018-08-29 14:03:30,1217.HK,0.019,0.025,0.018,0.019,6.00M
2018-08-29 14:03:34,1217.HK,0.019,0.025,0.018,0.019,6.00M
2018-08-29 14:03:37,1217.HK,0.019,0.025,0.018,0.019,6.00M
2018-08-29 14:03:39,1217.HK,0.019,0.025,0.018,0.019,6.00M
2018-08-29 14:03:45,1217.HK,0.019,0.025,0.018,0.019,6.00M
2018-08-29 14:03:48,1217.HK,0.019,0.025,0.018,0.019,6.00M
2018-08-29 14:03:53,1217.HK,0.019,0.025,0.018,0.019,6.00M
2018-08-29 14:03:58,1217.HK,0.019,0.025,0.018,0.019,6.00M
2018-08-29 14:04:04,1217.HK,0.019,0.025,0.018,0.019,6.00M
2018-08-29 14:04:16,1217.HK,0.019,0.025,0.018,0.019,6.00M
2018-08-29 14:04:20,1217.HK,0.019,0.025,0.018,0.019,6.00M
2018-08-29 14:04:24,1217.HK,0.019,0.025,0.018,0.019,6.00M
2018-08-29 14:04:28,1217.HK,0.019,0.025,0.018,0.019,6.00M
2018-08-29 14:04:32,1217.HK,0.019,0.025,0.018,0.019,6.00M
2018-08-29 14:04:36,1217.HK,0.019,0.025,0.018,0.019,6.00M
2018-08-29 14:04:42,1217.HK,0.019,0.025,0.018,0.019,6.00M
2018-08-29 14:04:48,1217.HK,0.019,0.025,0.018,0.019,6.00M
2018-08-29 14:04:53,1217.HK,0.019,0.025,0.018,0.019,6.00M
2018-08-29 14:04:57,1217.HK,0.019,0.025,0.018,0.019,6.00M
2018-08-29 14:05:01,1217.HK,0.019,0.025,0.018,0.019,6.00M
2018-08-29 14:05:06,1217.HK,0.019,0.025,0.018,0.019,6.00M
2018-08-29 14:05:09,1217.HK,0.019,0.025,0.018,0.019,6.00M
2018-08-29 14:05:13,1217.HK,0.019,0.025,0.018,0.019,6.00M
2018-08-29 14:05:17,1217.HK,0.019,0.025,0.018,0.019,6.00M
2018-08-29 14:05:23,1217.HK,0.019,0.025,0.018,0.019,6.00M
2018-08-29 14:05:26,1217.HK,0.019,0.025,0.018,0.019,6.00M
2018-08-29 14:05:28,1217.HK,0.019,0.025,0.018,0.019,6.00M
2018-08-29 14:05:31,1217.HK,0.019,0.025,0.018,0.019,6.00M
2018-08-29 14:05:39,1217.HK,0.019,0.025,0.018,0.019,6.00M
2018-08-29 14:05:42,1217.HK,0.019,0.025,0.018,0.019,6.00M
2018-08-29 14:05:47,1217.HK,0.019,0.025,0.018,0.019,6.00M
2018-08-29 14:05:51,1217.HK,0.019,0.025,0.018,0.019,6.00M
2018-08-29 14:05:55,1217.HK,0.019,0.025,0.018,0.019,6.00M
2018-08-29 14:05:58,1217.HK,0.019,0.025,0.018,0.019,6.00M
2018-08-29 14:06:00,1217.HK,0.019,0.025,0.018,0.019,6.00M
2018-08-29 14:06:03,1217.HK,0.019,0.025,0.018,0.019,6.00M
2018-08-29 14:06:08,1217.HK,0.019,0.025,0.018,0.019,6.00M
2018-08-29 14:06:18,1217.HK,0.019,0.025,0.018,0.019,6.00M
2018-08-29 14:06:21,1217.HK,0.019,0.025,0.018,0.019,6.00M
2018-08-29 14:06:24,1217.HK,0.019,0.025,0.018,0.019,6.00M
2018-08-29 14:06:26,1217.HK,0.019,0.025,0.018,0.019,6.00M
2018-08-29 14:06:30,1217.HK,0.019,0.025,0.018,0.019,6.00M
2018-08-29 14:06:32,1217.HK,0.019,0.025,0.018,0.019,6.00M
2018-08-29 14:06:34,1217.HK,0.019,0.025,0.018,0.019,6.00M
2018-08-29 14:06:37,1217.HK,0.019,0.025,0.018,0.019,6.00M
2018-08-29 14:06:41,1217.HK,0.019,0.025,0.018,0.019,6.00M
2018-08-29 14:06:45,1217.HK,0.019,0.025,0.018,0.019,6.00M
2018-08-29 14:06:48,1217.HK,0.019,0.025,0.018,0.019,6.00M
2018-08-29 14:06:51,1217.HK,0.019,0.025,0.018,0.019,6.00M
2018-08-29 14:06:53,1217.HK,0.019,0.025,0.018,0.019,6.00M
2018-08-29 14:06:56,1217.HK,0.019,0.025,0.018,0.019,6.00M
2018-08-29 14:06:59,1217.HK,0.019,0.025,0.018,0.019,6.00M
2018-08-29 14:07:01,1217.HK,0.019,0.025,0.018,0.019,6.00M
2018-08-29 14:07:04,1217.HK,0.019,0.025,0.018,0.019,6.00M
2018-08-29 14:07:11,1217.HK,0.019,0.025,0.018,0.019,6.00M
2018-08-29 14:07:19,1217.HK,0.019,0.025,0.018,0.019,6.00M
2018-08-29 14:07:25,1217.HK,0.019,0.025,0.018,0.019,6.00M
2018-08-29 14:07:29,1217.HK,0.019,0.025,0.018,0.019,6.00M
2018-08-29 14:07:36,1217.HK,0.019,0.025,0.018,0.019,6.00M
2018-08-29 14:07:40,1217.HK,0.019,0.025,0.018,0.019,6.00M
2018-08-29 14:07:46,1217.HK,0.019,0.025,0.018,0.019,6.00M
2018-08-29 14:07:49,1217.HK,0.019,0.025,0.018,0.019,6.00M
2018-08-29 14:07:53,1217.HK,0.019,0.025,0.018,0.019,6.00M
2018-08-29 14:07:56,1217.HK,0.019,0.025,0.018,0.019,6.00M
2018-08-29 14:07:59,1217.HK,0.019,0.025,0.018,0.019,6.00M
2018-08-29 14:08:11,1217.HK,0.019,0.025,0.018,0.019,6.00M
2018-08-29 14:08:19,1217.HK,0.019,0.025,0.018,0.019,6.00M
2018-08-29 14:08:22,1217.HK,0.019,0.025,0.018,0.019,6.00M
2018-08-29 14:08:27,1217.HK,0.019,0.025,0.018,0.019,6.00M
2018-08-29 14:08:29,1217.HK,0.019,0.025,0.018,0.019,6.00M
2018-08-29 14:08:31,1217.HK,0.019,0.025,0.018,0.019,6.00M
2018-08-29 14:08:39,1217.HK,0.019,0.025,0.018,0.019,6.00M
2018-08-29 14:08:43,1217.HK,0.019,0.025,0.018,0.019,6.00M
2018-08-29 14:08:46,1217.HK,0.019,0.025,0.018,0.019,6.00M
2018-08-29 14:08:49,1217.HK,0.019,0.025,0.018,0.019,6.00M
2018-08-29 14:08:51,1217.HK,0.019,0.025,0.018,0.019,6.00M
2018-08-29 14:08:55,1217.HK,0.019,0.025,0.018,0.019,6.00M
2018-08-29 14:09:00,1217.HK,0.019,0.025,0.018,0.019,6.00M
2018-08-29 14:09:05,1217.HK,0.019,0.025,0.018,0.019,6.00M
2018-08-29 14:09:15,1217.HK,0.019,0.025,0.018,0.019,6.00M
2018-08-29 14:09:23,1217.HK,0.019,0.025,0.018,0.019,6.00M
2018-08-29 14:09:29,1217.HK,0.019,0.025,0.018,0.019,6.00M
2018-08-29 14:09:31,1217.HK,0.019,0.025,0.018,0.019,6.00M
2018-08-29 14:09:34,1217.HK,0.019,0.025,0.018,0.019,6.00M
2018-08-29 14:09:38,1217.HK,0.019,0.025,0.018,0.019,6.00M
2018-08-29 14:09:44,1217.HK,0.019,0.025,0.018,0.019,6.00M
2018-08-29 14:09:51,1217.HK,0.019,0.025,0.018,0.019,6.00M
2018-08-29 14:09:54,1217.HK,0.019,0.025,0.018,0.019,6.00M
2018-08-29 14:09:57,1217.HK,0.019,0.025,0.018,0.019,6.00M
2018-08-29 14:10:11,1217.HK,0.019,0.025,0.018,0.019,6.00M
2018-08-29 14:10:20,1217.HK,0.019,0.025,0.018,0.019,6.00M
2018-08-29 14:10:26,1217.HK,0.019,0.025,0.018,0.019,6.00M
2018-08-29 14:10:36,1217.HK,0.019,0.025,0.018,0.019,6.00M
2018-08-29 14:10:40,1217.HK,0.019,0.025,0.018,0.019,6.00M
2018-08-29 14:10:43,1217.HK,0.019,0.025,0.018,0.019,6.00M
2018-08-29 14:10:48,1217.HK,0.019,0.025,0.018,0.019,6.00M
2018-08-29 14:10:53,1217.HK,0.019,0.025,0.018,0.019,6.00M
2018-08-29 14:10:56,1217.HK,0.019,0.025,0.018,0.019,6.00M
2018-08-29 14:11:03,1217.HK,0.019,0.025,0.018,0.019,6.00M
2018-08-29 14:11:07,1217.HK,0.019,0.025,0.018,0.019,6.00M
2018-08-29 14:11:12,1217.HK,0.019,0.025,0.018,0.019,6.00M
2018-08-29 14:11:19,1217.HK,0.019,0.025,0.018,0.019,6.00M
2018-08-29 14:11:25,1217.HK,0.019,0.025,0.018,0.019,6.00M
2018-08-29 14:11:29,1217.HK,0.019,0.025,0.018,0.019,6.00M
2018-08-29 14:11:32,1217.HK,0.019,0.025,0.018,0.019,6.00M
2018-08-29 14:11:35,1217.HK,0.019,0.025,0.018,0.019,6.00M
2018-08-29 14:11:38,1217.HK,0.019,0.025,0.018,0.019,6.00M
2018-08-29 14:11:42,1217.HK,0.019,0.025,0.018,0.019,6.00M
2018-08-29 14:11:45,1217.HK,0.019,0.025,0.018,0.019,6.00M
2018-08-29 14:11:47,1217.HK,0.019,0.025,0.018,0.019,6.00M
2018-08-29 14:11:50,1217.HK,0.019,0.025,0.018,0.019,6.00M
2018-08-29 14:11:57,1217.HK,0.019,0.025,0.018,0.019,6.00M
2018-08-29 14:12:05,1217.HK,0.019,0.025,0.018,0.019,6.00M
2018-08-29 14:12:09,1217.HK,0.019,0.025,0.018,0.019,6.00M
2018-08-29 14:12:13,1217.HK,0.019,0.025,0.018,0.019,6.00M
2018-08-29 14:12:17,1217.HK,0.019,0.025,0.018,0.019,6.00M
2018-08-29 14:12:20,1217.HK,0.019,0.025,0.018,0.019,6.00M
2018-08-29 14:12:24,1217.HK,0.019,0.025,0.018,0.019,6.00M
2018-08-29 14:12:27,1217.HK,0.019,0.025,0.018,0.019,6.00M
2018-08-29 14:12:29,1217.HK,0.019,0.025,0.018,0.019,6.00M
2018-08-29 14:12:32,1217.HK,0.019,0.025,0.018,0.019,6.00M
2018-08-29 14:12:36,1217.HK,0.019,0.025,0.018,0.019,6.00M
2018-08-29 14:12:38,1217.HK,0.019,0.025,0.018,0.019,6.00M
2018-08-29 14:12:44,1217.HK,0.019,0.025,0.018,0.019,6.00M
2018-08-29 14:12:46,1217.HK,0.019,0.025,0.018,0.019,6.00M
2018-08-29 14:12:50,1217.HK,0.019,0.025,0.018,0.019,6.00M
2018-08-29 14:12:52,1217.HK,0.019,0.025,0.018,0.019,6.00M
2018-08-29 14:12:55,1217.HK,0.019,0.025,0.018,0.019,6.00M
2018-08-29 14:12:59,1217.HK,0.019,0.025,0.018,0.019,6.00M
2018-08-29 14:13:02,1217.HK,0.019,0.025,0.018,0.019,6.00M
2018-08-29 14:13:06,1217.HK,0.019,0.025,0.018,0.019,6.00M
2018-08-29 14:13:08,1217.HK,0.019,0.025,0.018,0.019,6.00M
2018-08-29 14:13:17,1217.HK,0.019,0.025,0.018,0.019,6.00M
2018-08-29 14:13:21,1217.HK,0.019,0.025,0.018,0.019,6.00M
2018-08-29 14:13:24,1217.HK,0.019,0.025,0.018,0.019,6.00M
2018-08-29 14:13:28,1217.HK,0.019,0.025,0.018,0.019,6.00M
2018-08-29 14:13:31,1217.HK,0.019,0.025,0.018,0.019,6.00M
2018-08-29 14:13:35,1217.HK,0.019,0.025,0.018,0.019,6.00M
2018-08-29 14:13:38,1217.HK,0.019,0.025,0.018,0.019,6.00M
2018-08-29 14:13:44,1217.HK,0.019,0.025,0.018,0.019,6.00M
2018-08-29 14:13:46,1217.HK,0.019,0.025,0.018,0.019,6.00M
2018-08-29 14:13:51,1217.HK,0.019,0.025,0.018,0.019,6.00M
2018-08-29 14:13:55,1217.HK,0.019,0.025,0.018,0.019,6.00M
2018-08-29 14:14:04,1217.HK,0.019,0.025,0.018,0.019,6.00M
2018-08-29 14:14:12,1217.HK,0.019,0.025,0.018,0.019,6.00M
2018-08-29 14:14:20,1217.HK,0.019,0.025,0.018,0.019,6.00M
2018-08-29 14:14:23,1217.HK,0.019,0.025,0.018,0.019,6.00M
2018-08-29 14:14:26,1217.HK,0.019,0.025,0.018,0.019,6.00M
2018-08-29 14:14:31,1217.HK,0.019,0.025,0.018,0.019,6.00M
2018-08-29 14:14:36,1217.HK,0.019,0.025,0.018,0.019,6.00M
2018-08-29 14:14:40,1217.HK,0.019,0.025,0.018,0.019,6.00M
2018-08-29 14:14:44,1217.HK,0.019,0.025,0.018,0.019,6.00M
2018-08-29 14:14:49,1217.HK,0.019,0.025,0.018,0.019,6.00M
2018-08-29 14:14:52,1217.HK,0.019,0.025,0.018,0.019,6.00M
2018-08-29 14:14:57,1217.HK,0.019,0.025,0.018,0.019,6.00M
2018-08-29 14:15:04,1217.HK,0.019,0.025,0.018,0.019,6.00M
2018-08-29 14:15:10,1217.HK,0.019,0.025,0.018,0.019,6.00M
2018-08-29 14:15:15,1217.HK,0.019,0.025,0.018,0.019,6.00M
2018-08-29 14:15:19,1217.HK,0.019,0.025,0.018,0.019,6.00M
2018-08-29 14:15:27,1217.HK,0.019,0.025,0.018,0.019,6.00M
2018-08-29 14:15:31,1217.HK,0.019,0.025,0.018,0.019,6.00M
2018-08-29 14:15:35,1217.HK,0.019,0.025,0.018,0.019,6.00M
2018-08-29 14:15:40,1217.HK,0.019,0.025,0.018,0.019,6.00M
2018-08-29 14:15:42,1217.HK,0.019,0.025,0.018,0.019,6.00M
2018-08-29 14:15:46,1217.HK,0.019,0.025,0.018,0.019,6.00M
2018-08-29 14:15:48,1217.HK,0.019,0.025,0.018,0.019,6.00M
2018-08-29 14:15:52,1217.HK,0.019,0.025,0.018,0.019,6.00M
2018-08-29 14:15:54,1217.HK,0.019,0.025,0.018,0.019,6.00M
2018-08-29 14:15:58,1217.HK,0.019,0.025,0.018,0.019,6.00M
2018-08-29 14:16:00,1217.HK,0.019,0.025,0.018,0.019,6.00M
2018-08-29 14:16:04,1217.HK,0.019,0.025,0.018,0.019,6.00M
2018-08-29 14:16:08,1217.HK,0.019,0.025,0.018,0.019,6.00M
2018-08-29 14:16:12,1217.HK,0.019,0.025,0.018,0.019,6.00M
2018-08-29 14:16:14,1217.HK,0.019,0.025,0.018,0.019,6.00M
2018-08-29 14:16:18,1217.HK,0.019,0.025,0.018,0.019,6.00M
2018-08-29 14:16:21,1217.HK,0.019,0.025,0.018,0.019,6.00M
2018-08-29 14:16:24,1217.HK,0.019,0.025,0.018,0.019,6.00M
2018-08-29 14:16:28,1217.HK,0.019,0.025,0.018,0.019,6.00M
2018-08-29 14:16:31,1217.HK,0.019,0.025,0.018,0.019,6.00M
2018-08-29 14:16:34,1217.HK,0.019,0.025,0.018,0.019,6.00M
2018-08-29 14:16:37,1217.HK,0.019,0.025,0.018,0.019,6.00M
2018-08-29 14:16:41,1217.HK,0.019,0.025,0.018,0.019,6.00M
2018-08-29 14:16:44,1217.HK,0.019,0.025,0.018,0.019,6.00M
2018-08-29 14:16:48,1217.HK,0.019,0.025,0.018,0.019,6.00M
2018-08-29 14:16:51,1217.HK,0.019,0.025,0.018,0.019,6.00M
2018-08-29 14:16:54,1217.HK,0.019,0.025,0.018,0.019,6.00M
2018-08-29 14:16:57,1217.HK,0.019,0.025,0.018,0.019,6.00M
2018-08-29 14:17:01,1217.HK,0.019,0.025,0.018,0.019,6.00M
2018-08-29 14:17:04,1217.HK,0.019,0.025,0.018,0.019,6.00M
2018-08-29 14:17:11,1217.HK,0.019,0.025,0.018,0.019,6.00M
2018-08-29 14:17:15,1217.HK,0.019,0.025,0.018,0.019,6.00M
2018-08-29 14:17:23,1217.HK,0.019,0.025,0.018,0.019,6.00M
2018-08-29 14:17:27,1217.HK,0.019,0.025,0.018,0.019,6.00M
2018-08-29 14:17:30,1217.HK,0.019,0.025,0.018,0.019,6.00M
2018-08-29 14:17:33,1217.HK,0.019,0.025,0.018,0.019,6.00M
2018-08-29 14:17:37,1217.HK,0.019,0.025,0.018,0.019,6.00M
2018-08-29 14:17:40,1217.HK,0.019,0.025,0.018,0.019,6.00M
2018-08-29 14:17:45,1217.HK,0.019,0.025,0.018,0.019,6.00M
2018-08-29 14:17:49,1217.HK,0.019,0.025,0.018,0.019,6.00M
2018-08-29 14:17:52,1217.HK,0.019,0.025,0.018,0.019,6.00M
2018-08-29 14:17:56,1217.HK,0.019,0.025,0.018,0.019,6.00M
2018-08-29 14:17:59,1217.HK,0.019,0.025,0.018,0.019,6.00M
2018-08-29 14:18:01,1217.HK,0.019,0.025,0.018,0.019,6.00M
2018-08-29 14:18:04,1217.HK,0.019,0.025,0.018,0.019,6.00M
2018-08-29 14:18:07,1217.HK,0.019,0.025,0.018,0.019,6.00M
2018-08-29 14:18:10,1217.HK,0.019,0.025,0.018,0.019,6.00M
2018-08-29 14:18:16,1217.HK,0.019,0.025,0.018,0.019,6.00M
2018-08-29 14:18:22,1217.HK,0.019,0.025,0.018,0.019,6.00M
2018-08-29 14:18:28,1217.HK,0.019,0.025,0.018,0.019,6.00M
2018-08-29 14:18:31,1217.HK,0.019,0.025,0.018,0.019,6.00M
2018-08-29 14:18:36,1217.HK,0.019,0.025,0.018,0.019,6.00M
2018-08-29 14:18:40,1217.HK,0.019,0.025,0.018,0.019,6.00M
2018-08-29 14:18:44,1217.HK,0.019,0.025,0.018,0.019,6.00M
2018-08-29 14:18:50,1217.HK,0.019,0.025,0.018,0.019,6.00M
2018-08-29 14:18:54,1217.HK,0.019,0.025,0.018,0.019,6.00M
2018-08-29 14:18:58,1217.HK,0.019,0.025,0.018,0.019,6.00M
2018-08-29 14:19:02,1217.HK,0.019,0.025,0.018,0.019,6.00M
2018-08-29 14:19:07,1217.HK,0.019,0.025,0.018,0.019,6.00M
2018-08-29 14:19:10,1217.HK,0.019,0.025,0.018,0.019,6.00M
2018-08-29 14:19:16,1217.HK,0.019,0.025,0.018,0.019,6.00M
2018-08-29 14:19:19,1217.HK,0.019,0.025,0.018,0.019,6.00M
2018-08-29 14:19:23,1217.HK,0.019,0.025,0.018,0.019,6.00M
2018-08-29 14:19:26,1217.HK,0.019,0.025,0.018,0.019,6.00M
2018-08-29 14:19:35,1217.HK,0.019,0.025,0.018,0.019,6.00M
2018-08-29 14:19:38,1217.HK,0.019,0.025,0.018,0.019,6.00M
2018-08-29 14:19:41,1217.HK,0.019,0.025,0.018,0.019,6.00M
2018-08-29 14:19:46,1217.HK,0.019,0.025,0.018,0.019,6.00M
2018-08-29 14:19:50,1217.HK,0.019,0.025,0.018,0.019,6.00M
2018-08-29 14:19:55,1217.HK,0.019,0.025,0.018,0.019,6.00M
2018-08-29 14:19:59,1217.HK,0.019,0.025,0.018,0.019,6.00M
2018-08-29 14:20:03,1217.HK,0.019,0.025,0.018,0.019,6.00M
2018-08-29 14:20:07,1217.HK,0.019,0.025,0.018,0.019,6.00M
2018-08-29 14:20:12,1217.HK,0.019,0.025,0.018,0.019,6.00M
2018-08-29 14:20:18,1217.HK,0.019,0.025,0.018,0.019,6.00M
2018-08-29 14:20:21,1217.HK,0.019,0.025,0.018,0.019,6.00M
2018-08-29 14:20:26,1217.HK,0.019,0.025,0.018,0.019,6.00M
2018-08-29 14:20:28,1217.HK,0.019,0.025,0.018,0.019,6.00M
2018-08-29 14:20:31,1217.HK,0.019,0.025,0.018,0.019,6.00M
2018-08-29 14:20:35,1217.HK,0.019,0.025,0.018,0.019,6.00M
2018-08-29 14:20:38,1217.HK,0.019,0.025,0.018,0.019,6.00M
2018-08-29 14:20:41,1217.HK,0.019,0.025,0.018,0.019,6.00M
2018-08-29 14:20:45,1217.HK,0.019,0.025,0.018,0.019,6.00M
2018-08-29 14:20:49,1217.HK,0.019,0.025,0.018,0.019,6.00M
2018-08-29 14:20:52,1217.HK,0.019,0.025,0.018,0.019,6.00M
2018-08-29 14:20:54,1217.HK,0.019,0.025,0.018,0.019,6.00M
2018-08-29 14:20:57,1217.HK,0.019,0.025,0.018,0.019,6.00M
2018-08-29 14:21:00,1217.HK,0.019,0.025,0.018,0.019,6.00M
2018-08-29 14:21:04,1217.HK,0.019,0.025,0.018,0.019,6.00M
2018-08-29 14:21:12,1217.HK,0.019,0.025,0.018,0.019,6.00M
2018-08-29 14:21:16,1217.HK,0.019,0.025,0.018,0.019,6.00M
2018-08-29 14:21:22,1217.HK,0.019,0.025,0.018,0.019,6.00M
2018-08-29 14:21:26,1217.HK,0.019,0.025,0.018,0.019,6.00M
2018-08-29 14:21:33,1217.HK,0.019,0.025,0.018,0.019,6.00M
2018-08-29 14:21:36,1217.HK,0.019,0.025,0.018,0.019,6.00M
2018-08-29 14:21:38,1217.HK,0.019,0.025,0.018,0.019,6.00M
2018-08-29 14:21:43,1217.HK,0.019,0.025,0.018,0.019,6.00M
2018-08-29 14:21:48,1217.HK,0.019,0.025,0.018,0.019,6.00M
2018-08-29 14:21:52,1217.HK,0.019,0.025,0.018,0.019,6.00M
2018-08-29 14:21:56,1217.HK,0.019,0.025,0.018,0.019,6.00M
2018-08-29 14:22:00,1217.HK,0.019,0.025,0.018,0.019,6.00M
2018-08-29 14:22:12,1217.HK,0.019,0.025,0.018,0.019,6.00M
2018-08-29 14:22:16,1217.HK,0.019,0.025,0.018,0.019,6.00M
2018-08-29 14:22:18,1217.HK,0.019,0.025,0.018,0.019,6.00M
2018-08-29 14:22:24,1217.HK,0.019,0.025,0.018,0.019,6.00M
2018-08-29 14:22:27,1217.HK,0.019,0.025,0.018,0.019,6.00M
2018-08-29 14:22:31,1217.HK,0.019,0.025,0.018,0.019,6.00M
2018-08-29 14:22:34,1217.HK,0.019,0.025,0.018,0.019,6.00M
2018-08-29 14:22:36,1217.HK,0.019,0.025,0.018,0.019,6.00M
2018-08-29 14:22:40,1217.HK,0.019,0.025,0.018,0.019,6.00M
2018-08-29 14:22:44,1217.HK,0.019,0.025,0.018,0.019,6.00M
2018-08-29 14:22:47,1217.HK,0.019,0.025,0.018,0.019,6.00M
2018-08-29 14:22:51,1217.HK,0.019,0.025,0.018,0.019,6.00M
2018-08-29 14:22:54,1217.HK,0.019,0.025,0.018,0.019,6.00M
2018-08-29 14:22:56,1217.HK,0.019,0.025,0.018,0.019,6.00M
2018-08-29 14:23:02,1217.HK,0.019,0.025,0.018,0.019,6.00M
2018-08-29 14:23:06,1217.HK,0.019,0.025,0.018,0.019,6.00M
2018-08-29 14:23:14,1217.HK,0.019,0.025,0.018,0.019,6.00M
2018-08-29 14:23:20,1217.HK,0.019,0.025,0.018,0.019,6.00M
2018-08-29 14:23:26,1217.HK,0.019,0.025,0.018,0.019,6.00M
2018-08-29 14:23:29,1217.HK,0.019,0.025,0.018,0.019,6.00M
2018-08-29 14:23:32,1217.HK,0.019,0.025,0.018,0.019,6.00M
2018-08-29 14:23:36,1217.HK,0.019,0.025,0.018,0.019,6.00M
2018-08-29 14:23:39,1217.HK,0.019,0.025,0.018,0.019,6.00M
2018-08-29 14:23:42,1217.HK,0.019,0.025,0.018,0.019,6.00M
2018-08-29 14:23:45,1217.HK,0.019,0.025,0.018,0.019,6.00M
2018-08-29 14:23:49,1217.HK,0.019,0.025,0.018,0.019,6.00M
2018-08-29 14:23:56,1217.HK,0.019,0.025,0.018,0.019,6.00M
2018-08-29 14:24:02,1217.HK,0.019,0.025,0.018,0.019,6.00M
2018-08-29 14:24:07,1217.HK,0.019,0.025,0.018,0.019,6.00M
2018-08-29 14:24:16,1217.HK,0.019,0.025,0.018,0.019,6.00M
2018-08-29 14:24:22,1217.HK,0.019,0.025,0.018,0.019,6.00M
2018-08-29 14:24:25,1217.HK,0.019,0.025,0.018,0.019,6.00M
2018-08-29 14:24:29,1217.HK,0.019,0.025,0.018,0.019,6.00M
2018-08-29 14:24:32,1217.HK,0.019,0.025,0.018,0.019,6.00M
2018-08-29 14:24:37,1217.HK,0.019,0.025,0.018,0.019,6.00M
2018-08-29 14:24:40,1217.HK,0.019,0.025,0.018,0.019,6.00M
2018-08-29 14:24:44,1217.HK,0.019,0.025,0.018,0.019,6.00M
2018-08-29 14:24:48,1217.HK,0.019,0.025,0.018,0.019,6.00M
2018-08-29 14:24:52,1217.HK,0.019,0.025,0.018,0.019,6.00M
2018-08-29 14:24:57,1217.HK,0.019,0.025,0.018,0.019,6.00M
2018-08-29 14:25:02,1217.HK,0.019,0.025,0.018,0.019,6.00M
2018-08-29 14:25:04,1217.HK,0.019,0.025,0.018,0.019,6.00M
2018-08-29 14:25:06,1217.HK,0.019,0.025,0.018,0.019,6.00M
2018-08-29 14:25:12,1217.HK,0.019,0.025,0.018,0.019,6.00M
2018-08-29 14:25:22,1217.HK,0.019,0.025,0.018,0.019,6.00M
2018-08-29 14:25:30,1217.HK,0.019,0.025,0.018,0.019,6.00M
2018-08-29 14:25:33,1217.HK,0.019,0.025,0.018,0.019,6.00M
2018-08-29 14:25:37,1217.HK,0.019,0.025,0.018,0.019,6.00M
2018-08-29 14:25:40,1217.HK,0.019,0.025,0.018,0.019,6.00M
2018-08-29 14:25:44,1217.HK,0.019,0.025,0.018,0.019,6.00M
2018-08-29 14:25:48,1217.HK,0.019,0.025,0.018,0.019,6.00M
2018-08-29 14:25:54,1217.HK,0.019,0.025,0.018,0.019,6.00M
2018-08-29 14:25:58,1217.HK,0.019,0.025,0.018,0.019,6.00M
2018-08-29 14:26:01,1217.HK,0.019,0.025,0.018,0.019,6.00M
2018-08-29 14:26:06,1217.HK,0.019,0.025,0.018,0.019,6.00M
2018-08-29 14:26:18,1217.HK,0.019,0.025,0.018,0.019,6.00M
2018-08-29 14:26:24,1217.HK,0.019,0.025,0.018,0.019,6.00M
2018-08-29 14:26:28,1217.HK,0.019,0.025,0.018,0.019,6.00M
2018-08-29 14:26:34,1217.HK,0.019,0.025,0.018,0.019,6.00M
2018-08-29 14:26:39,1217.HK,0.019,0.025,0.018,0.019,6.00M
2018-08-29 14:26:44,1217.HK,0.019,0.025,0.018,0.019,6.00M
2018-08-29 14:26:48,1217.HK,0.019,0.025,0.018,0.019,6.00M
2018-08-29 14:26:50,1217.HK,0.019,0.025,0.018,0.019,6.00M
2018-08-29 14:26:54,1217.HK,0.019,0.025,0.018,0.019,6.00M
2018-08-29 14:26:59,1217.HK,0.019,0.025,0.018,0.019,6.00M
2018-08-29 14:27:02,1217.HK,0.019,0.025,0.018,0.019,6.00M
2018-08-29 14:27:05,1217.HK,0.019,0.025,0.018,0.019,6.00M
2018-08-29 14:27:10,1217.HK,0.019,0.025,0.018,0.019,6.00M
2018-08-29 14:27:14,1217.HK,0.019,0.025,0.018,0.019,6.00M
2018-08-29 14:27:24,1217.HK,0.019,0.025,0.018,0.019,6.00M
2018-08-29 14:27:29,1217.HK,0.019,0.025,0.018,0.019,6.00M
2018-08-29 14:27:33,1217.HK,0.019,0.025,0.018,0.019,6.00M
2018-08-29 14:27:37,1217.HK,0.019,0.025,0.018,0.019,6.00M
2018-08-29 14:27:41,1217.HK,0.019,0.025,0.018,0.019,6.00M
2018-08-29 14:27:47,1217.HK,0.019,0.025,0.018,0.019,6.00M
2018-08-29 14:27:53,1217.HK,0.019,0.025,0.018,0.019,6.00M
2018-08-29 14:27:57,1217.HK,0.019,0.025,0.018,0.019,6.00M
2018-08-29 14:28:03,1217.HK,0.019,0.025,0.018,0.019,6.00M
2018-08-29 14:28:09,1217.HK,0.019,0.025,0.018,0.019,6.00M
2018-08-29 14:28:15,1217.HK,0.019,0.025,0.018,0.019,6.00M
2018-08-29 14:28:20,1217.HK,0.019,0.025,0.018,0.019,6.00M
2018-08-29 14:28:23,1217.HK,0.019,0.025,0.018,0.019,6.00M
2018-08-29 14:28:29,1217.HK,0.019,0.025,0.018,0.019,6.00M
2018-08-29 14:28:32,1217.HK,0.019,0.025,0.018,0.019,6.00M
2018-08-29 14:28:37,1217.HK,0.019,0.025,0.018,0.019,6.00M
2018-08-29 14:28:41,1217.HK,0.019,0.025,0.018,0.019,6.00M
2018-08-29 14:28:45,1217.HK,0.019,0.025,0.018,0.019,6.00M
2018-08-29 14:28:49,1217.HK,0.019,0.025,0.018,0.019,6.00M
2018-08-29 14:28:53,1217.HK,0.019,0.025,0.018,0.019,6.00M
2018-08-29 14:28:57,1217.HK,0.019,0.025,0.018,0.019,6.00M
2018-08-29 14:29:00,1217.HK,0.019,0.025,0.018,0.019,6.00M
2018-08-29 14:29:03,1217.HK,0.019,0.025,0.018,0.019,6.00M
2018-08-29 14:29:07,1217.HK,0.019,0.025,0.018,0.019,6.00M
2018-08-29 14:29:13,1217.HK,0.019,0.025,0.018,0.019,6.00M
2018-08-29 14:29:17,1217.HK,0.019,0.025,0.018,0.019,6.00M
2018-08-29 14:29:21,1217.HK,0.019,0.025,0.018,0.019,6.00M
2018-08-29 14:29:24,1217.HK,0.019,0.025,0.018,0.019,6.00M
2018-08-29 14:29:27,1217.HK,0.019,0.025,0.018,0.019,6.00M
2018-08-29 14:29:30,1217.HK,0.019,0.025,0.018,0.019,6.00M
2018-08-29 14:29:33,1217.HK,0.019,0.025,0.018,0.019,6.00M
2018-08-29 14:29:37,1217.HK,0.019,0.025,0.018,0.019,6.00M
2018-08-29 14:29:41,1217.HK,0.019,0.025,0.018,0.019,6.00M
2018-08-29 14:29:46,1217.HK,0.019,0.025,0.018,0.019,6.00M
2018-08-29 14:29:53,1217.HK,0.019,0.025,0.018,0.019,6.00M
2018-08-29 14:30:03,1217.HK,0.019,0.025,0.018,0.019,6.00M
2018-08-29 14:30:07,1217.HK,0.019,0.025,0.018,0.019,6.00M
2018-08-29 14:30:15,1217.HK,0.019,0.025,0.018,0.019,6.00M
2018-08-29 14:30:19,1217.HK,0.019,0.025,0.018,0.019,6.00M
2018-08-29 14:30:22,1217.HK,0.019,0.025,0.018,0.019,6.00M
2018-08-29 14:30:24,1217.HK,0.019,0.025,0.018,0.019,6.00M
2018-08-29 14:30:28,1217.HK,0.019,0.025,0.018,0.019,6.00M
2018-08-29 14:30:33,1217.HK,0.019,0.025,0.018,0.019,6.00M
2018-08-29 14:30:37,1217.HK,0.019,0.025,0.018,0.019,6.00M
2018-08-29 14:30:41,1217.HK,0.019,0.025,0.018,0.019,6.00M
2018-08-29 14:30:47,1217.HK,0.019,0.025,0.018,0.019,6.00M
2018-08-29 14:30:51,1217.HK,0.019,0.025,0.018,0.019,6.00M
2018-08-29 14:31:00,1217.HK,0.019,0.025,0.018,0.019,6.00M
2018-08-29 14:31:03,1217.HK,0.019,0.025,0.018,0.019,6.00M
2018-08-29 14:31:06,1217.HK,0.019,0.025,0.018,0.019,6.00M
2018-08-29 14:31:10,1217.HK,0.019,0.025,0.018,0.019,6.00M
2018-08-29 14:31:14,1217.HK,0.019,0.025,0.018,0.019,6.00M
2018-08-29 14:31:18,1217.HK,0.019,0.025,0.018,0.019,6.00M
2018-08-29 14:31:21,1217.HK,0.019,0.025,0.018,0.019,6.00M
2018-08-29 14:31:25,1217.HK,0.019,0.025,0.018,0.019,6.00M
2018-08-29 14:31:28,1217.HK,0.019,0.025,0.018,0.019,6.00M
2018-08-29 14:31:31,1217.HK,0.019,0.025,0.018,0.019,6.00M
2018-08-29 14:31:34,1217.HK,0.019,0.025,0.018,0.019,6.00M
2018-08-29 14:31:38,1217.HK,0.019,0.025,0.018,0.019,6.00M
2018-08-29 14:31:42,1217.HK,0.019,0.025,0.018,0.019,6.00M
2018-08-29 14:31:46,1217.HK,0.019,0.025,0.018,0.019,6.00M
2018-08-29 14:31:50,1217.HK,0.019,0.025,0.018,0.019,6.00M
2018-08-29 14:31:56,1217.HK,0.019,0.025,0.018,0.019,6.00M
2018-08-29 14:32:05,1217.HK,0.019,0.025,0.018,0.019,6.00M
2018-08-29 14:32:08,1217.HK,0.019,0.025,0.018,0.019,6.00M
2018-08-29 14:32:16,1217.HK,0.019,0.025,0.018,0.019,6.00M
2018-08-29 14:32:20,1217.HK,0.019,0.025,0.018,0.019,6.00M
2018-08-29 14:32:25,1217.HK,0.019,0.025,0.018,0.019,6.00M
2018-08-29 14:32:28,1217.HK,0.019,0.025,0.018,0.019,6.00M
2018-08-29 14:32:30,1217.HK,0.019,0.025,0.018,0.019,6.00M
2018-08-29 14:32:34,1217.HK,0.019,0.025,0.018,0.019,6.00M
2018-08-29 14:32:37,1217.HK,0.019,0.025,0.018,0.019,6.00M
2018-08-29 14:32:40,1217.HK,0.019,0.025,0.018,0.019,6.00M
2018-08-29 14:32:44,1217.HK,0.019,0.025,0.018,0.019,6.00M
2018-08-29 14:32:50,1217.HK,0.019,0.025,0.018,0.019,6.00M
2018-08-29 14:32:54,1217.HK,0.019,0.025,0.018,0.019,6.00M
2018-08-29 14:32:57,1217.HK,0.019,0.025,0.018,0.019,6.00M
2018-08-29 14:33:01,1217.HK,0.019,0.025,0.018,0.019,6.00M
2018-08-29 14:33:04,1217.HK,0.019,0.025,0.018,0.019,6.00M
2018-08-29 14:33:07,1217.HK,0.019,0.025,0.018,0.019,6.00M
2018-08-29 14:33:14,1217.HK,0.019,0.025,0.018,0.019,6.00M
2018-08-29 14:33:20,1217.HK,0.019,0.025,0.018,0.019,6.00M
2018-08-29 14:33:22,1217.HK,0.019,0.025,0.018,0.019,6.00M
2018-08-29 14:33:26,1217.HK,0.019,0.025,0.018,0.019,6.00M
2018-08-29 14:33:30,1217.HK,0.019,0.025,0.018,0.019,6.00M
2018-08-29 14:33:34,1217.HK,0.019,0.025,0.018,0.019,6.00M
2018-08-29 14:33:38,1217.HK,0.019,0.025,0.018,0.019,6.00M
2018-08-29 14:33:42,1217.HK,0.019,0.025,0.018,0.019,6.00M
2018-08-29 14:33:44,1217.HK,0.019,0.025,0.018,0.019,6.00M
2018-08-29 14:33:47,1217.HK,0.019,0.025,0.018,0.019,6.00M
2018-08-29 14:33:50,1217.HK,0.019,0.025,0.018,0.019,6.00M
2018-08-29 14:33:54,1217.HK,0.019,0.025,0.018,0.019,6.00M
2018-08-29 14:33:58,1217.HK,0.019,0.025,0.018,0.019,6.00M
2018-08-29 14:34:03,1217.HK,0.019,0.025,0.018,0.019,6.00M
2018-08-29 14:34:09,1217.HK,0.019,0.025,0.018,0.019,6.00M
2018-08-29 14:34:23,1217.HK,0.019,0.025,0.018,0.019,6.00M
2018-08-29 14:34:27,1217.HK,0.019,0.025,0.018,0.019,6.00M
2018-08-29 14:34:31,1217.HK,0.019,0.025,0.018,0.019,6.00M
2018-08-29 14:34:34,1217.HK,0.019,0.025,0.018,0.019,6.00M
2018-08-29 14:34:38,1217.HK,0.019,0.025,0.018,0.019,6.00M
2018-08-29 14:34:43,1217.HK,0.019,0.025,0.018,0.019,6.00M
2018-08-29 14:34:49,1217.HK,0.019,0.025,0.018,0.019,6.00M
2018-08-29 14:34:55,1217.HK,0.019,0.025,0.018,0.019,6.00M
2018-08-29 14:34:58,1217.HK,0.019,0.025,0.018,0.019,6.00M
2018-08-29 14:35:01,1217.HK,0.019,0.025,0.018,0.019,6.00M
2018-08-29 14:35:07,1217.HK,0.019,0.025,0.018,0.019,6.00M
2018-08-29 14:35:13,1217.HK,0.019,0.025,0.018,0.019,6.00M
2018-08-29 14:35:17,1217.HK,0.019,0.025,0.018,0.019,6.00M
2018-08-29 14:35:25,1217.HK,0.019,0.025,0.018,0.019,6.00M
2018-08-29 14:35:29,1217.HK,0.019,0.025,0.018,0.019,6.00M
2018-08-29 14:35:35,1217.HK,0.019,0.025,0.018,0.019,6.00M
2018-08-29 14:35:39,1217.HK,0.019,0.025,0.018,0.019,6.00M
2018-08-29 14:35:44,1217.HK,0.019,0.025,0.018,0.019,6.00M
2018-08-29 14:35:49,1217.HK,0.019,0.025,0.018,0.019,6.00M
2018-08-29 14:35:51,1217.HK,0.019,0.025,0.018,0.019,6.00M
2018-08-29 14:35:55,1217.HK,0.019,0.025,0.018,0.019,6.00M
2018-08-29 14:35:59,1217.HK,0.019,0.025,0.018,0.019,6.00M
2018-08-29 14:36:05,1217.HK,0.019,0.025,0.018,0.019,6.00M
2018-08-29 14:36:08,1217.HK,0.019,0.025,0.018,0.019,6.00M
2018-08-29 14:36:11,1217.HK,0.019,0.025,0.018,0.019,6.00M
2018-08-29 14:36:15,1217.HK,0.019,0.025,0.018,0.019,6.00M
2018-08-29 14:36:22,1217.HK,0.019,0.025,0.018,0.019,6.00M
2018-08-29 14:36:25,1217.HK,0.019,0.025,0.018,0.019,6.00M
2018-08-29 14:36:28,1217.HK,0.019,0.025,0.018,0.019,6.00M
2018-08-29 14:36:32,1217.HK,0.019,0.025,0.018,0.019,6.00M
2018-08-29 14:36:35,1217.HK,0.019,0.025,0.018,0.019,6.00M
2018-08-29 14:36:38,1217.HK,0.019,0.025,0.018,0.019,6.00M
2018-08-29 14:36:43,1217.HK,0.019,0.025,0.018,0.019,6.00M
2018-08-29 14:36:47,1217.HK,0.019,0.025,0.018,0.019,6.00M
2018-08-29 14:36:52,1217.HK,0.019,0.025,0.018,0.019,6.00M
2018-08-29 14:36:54,1217.HK,0.019,0.025,0.018,0.019,6.00M
2018-08-29 14:36:57,1217.HK,0.019,0.025,0.018,0.019,6.00M
2018-08-29 14:37:00,1217.HK,0.019,0.025,0.018,0.019,6.00M
2018-08-29 14:37:04,1217.HK,0.019,0.025,0.018,0.019,6.00M
2018-08-29 14:37:10,1217.HK,0.019,0.025,0.018,0.019,6.00M
2018-08-29 14:37:17,1217.HK,0.019,0.025,0.018,0.019,6.00M
2018-08-29 14:37:22,1217.HK,0.019,0.025,0.018,0.019,6.00M
2018-08-29 14:37:26,1217.HK,0.019,0.025,0.018,0.019,6.00M
2018-08-29 14:37:33,1217.HK,0.019,0.025,0.018,0.019,6.00M
2018-08-29 14:37:36,1217.HK,0.019,0.025,0.018,0.019,6.00M
2018-08-29 14:37:40,1217.HK,0.019,0.025,0.018,0.019,6.00M
2018-08-29 14:37:42,1217.HK,0.019,0.025,0.018,0.019,6.00M
2018-08-29 14:37:45,1217.HK,0.019,0.025,0.018,0.019,6.00M
2018-08-29 14:37:50,1217.HK,0.019,0.025,0.018,0.019,6.00M
2018-08-29 14:37:53,1217.HK,0.019,0.025,0.018,0.019,6.00M
2018-08-29 14:37:56,1217.HK,0.019,0.025,0.018,0.019,6.00M
2018-08-29 14:38:06,1217.HK,0.019,0.025,0.018,0.019,6.00M
2018-08-29 14:38:14,1217.HK,0.019,0.025,0.018,0.019,6.00M
2018-08-29 14:38:22,1217.HK,0.019,0.025,0.018,0.019,6.00M
2018-08-29 14:38:28,1217.HK,0.019,0.025,0.018,0.019,6.00M
2018-08-29 14:38:31,1217.HK,0.019,0.025,0.018,0.019,6.00M
2018-08-29 14:38:34,1217.HK,0.019,0.025,0.018,0.019,6.00M
2018-08-29 14:38:38,1217.HK,0.019,0.025,0.018,0.019,6.00M
2018-08-29 14:38:42,1217.HK,0.019,0.025,0.018,0.019,6.00M
2018-08-29 14:38:45,1217.HK,0.019,0.025,0.018,0.019,6.00M
2018-08-29 14:38:48,1217.HK,0.019,0.025,0.018,0.019,6.00M
2018-08-29 14:38:51,1217.HK,0.019,0.025,0.018,0.019,6.00M
2018-08-29 14:38:54,1217.HK,0.019,0.025,0.018,0.019,6.00M
2018-08-29 14:38:57,1217.HK,0.019,0.025,0.018,0.019,6.00M
2018-08-29 14:39:00,1217.HK,0.019,0.025,0.018,0.019,6.00M
2018-08-29 14:39:03,1217.HK,0.019,0.025,0.018,0.019,6.00M
2018-08-29 14:39:06,1217.HK,0.019,0.025,0.018,0.019,6.00M
2018-08-29 14:39:09,1217.HK,0.019,0.025,0.018,0.019,6.00M
2018-08-29 14:39:12,1217.HK,0.019,0.025,0.018,0.019,6.00M
2018-08-29 14:39:15,1217.HK,0.019,0.025,0.018,0.019,6.00M
2018-08-29 14:39:17,1217.HK,0.019,0.025,0.018,0.019,6.00M
2018-08-29 14:39:20,1217.HK,0.019,0.025,0.018,0.019,6.00M
2018-08-29 14:39:24,1217.HK,0.019,0.025,0.018,0.019,6.00M
2018-08-29 14:39:28,1217.HK,0.019,0.025,0.018,0.019,6.00M
2018-08-29 14:39:31,1217.HK,0.019,0.025,0.018,0.019,6.00M
2018-08-29 14:39:34,1217.HK,0.019,0.025,0.018,0.019,6.00M
2018-08-29 14:39:38,1217.HK,0.019,0.025,0.018,0.019,6.00M
2018-08-29 14:39:41,1217.HK,0.019,0.025,0.018,0.019,6.00M
2018-08-29 14:39:44,1217.HK,0.019,0.025,0.018,0.019,6.00M
2018-08-29 14:39:50,1217.HK,0.019,0.025,0.018,0.019,6.00M
2018-08-29 14:39:58,1217.HK,0.019,0.025,0.018,0.019,6.00M
2018-08-29 14:40:03,1217.HK,0.019,0.025,0.018,0.019,6.00M
2018-08-29 14:40:08,1217.HK,0.019,0.025,0.018,0.019,6.00M
2018-08-29 14:40:14,1217.HK,0.019,0.025,0.018,0.019,6.00M
2018-08-29 14:40:19,1217.HK,0.019,0.025,0.018,0.019,6.00M
2018-08-29 14:40:22,1217.HK,0.019,0.025,0.018,0.019,6.00M
2018-08-29 14:40:25,1217.HK,0.019,0.025,0.018,0.019,6.00M
2018-08-29 14:40:27,1217.HK,0.019,0.025,0.018,0.019,6.00M
2018-08-29 14:40:30,1217.HK,0.019,0.025,0.018,0.019,6.00M
2018-08-29 14:40:38,1217.HK,0.019,0.025,0.018,0.019,6.00M
2018-08-29 14:40:41,1217.HK,0.019,0.025,0.018,0.019,6.00M
2018-08-29 14:40:44,1217.HK,0.019,0.025,0.018,0.019,6.00M
2018-08-29 14:40:48,1217.HK,0.019,0.025,0.018,0.019,6.00M
2018-08-29 14:40:52,1217.HK,0.019,0.025,0.018,0.019,6.00M
2018-08-29 14:40:55,1217.HK,0.019,0.025,0.018,0.019,6.00M
2018-08-29 14:40:59,1217.HK,0.019,0.025,0.018,0.019,6.00M
2018-08-29 14:41:02,1217.HK,0.019,0.025,0.018,0.019,6.00M
2018-08-29 14:41:04,1217.HK,0.019,0.025,0.018,0.019,6.00M
2018-08-29 14:41:08,1217.HK,0.019,0.025,0.018,0.019,6.00M
2018-08-29 14:41:12,1217.HK,0.019,0.025,0.018,0.019,6.00M
2018-08-29 14:41:15,1217.HK,0.019,0.025,0.018,0.019,6.00M
2018-08-29 14:41:19,1217.HK,0.019,0.025,0.018,0.019,6.00M
2018-08-29 14:41:24,1217.HK,0.019,0.025,0.018,0.019,6.00M
2018-08-29 14:41:31,1217.HK,0.019,0.025,0.018,0.019,6.00M
2018-08-29 14:41:35,1217.HK,0.019,0.025,0.018,0.019,6.00M
2018-08-29 14:41:40,1217.HK,0.019,0.025,0.018,0.019,6.00M
2018-08-29 14:41:43,1217.HK,0.019,0.025,0.018,0.019,6.00M
2018-08-29 14:41:46,1217.HK,0.019,0.025,0.018,0.019,6.00M
2018-08-29 14:41:51,1217.HK,0.019,0.025,0.018,0.019,6.00M
2018-08-29 14:41:58,1217.HK,0.019,0.025,0.018,0.019,6.00M
2018-08-29 14:42:03,1217.HK,0.019,0.025,0.018,0.019,6.00M
2018-08-29 14:42:13,1217.HK,0.019,0.025,0.018,0.019,6.00M
2018-08-29 14:42:18,1217.HK,0.019,0.025,0.018,0.019,6.00M
2018-08-29 14:42:23,1217.HK,0.019,0.025,0.018,0.019,6.00M
2018-08-29 14:42:27,1217.HK,0.019,0.025,0.018,0.019,6.00M
2018-08-29 14:42:37,1217.HK,0.019,0.025,0.018,0.019,6.00M
2018-08-29 14:42:41,1217.HK,0.019,0.025,0.018,0.019,6.00M
2018-08-29 14:42:45,1217.HK,0.019,0.025,0.018,0.019,6.00M
2018-08-29 14:42:49,1217.HK,0.019,0.025,0.018,0.019,6.00M
2018-08-29 14:42:54,1217.HK,0.019,0.025,0.018,0.019,6.00M
2018-08-29 14:42:58,1217.HK,0.019,0.025,0.018,0.019,6.00M
2018-08-29 14:43:01,1217.HK,0.019,0.025,0.018,0.019,6.00M
2018-08-29 14:43:05,1217.HK,0.019,0.025,0.018,0.019,6.00M
2018-08-29 14:43:09,1217.HK,0.019,0.025,0.018,0.019,6.00M
2018-08-29 14:43:21,1217.HK,0.019,0.025,0.018,0.019,6.00M
2018-08-29 14:43:25,1217.HK,0.019,0.025,0.018,0.019,6.00M
2018-08-29 14:43:30,1217.HK,0.019,0.025,0.018,0.019,6.00M
2018-08-29 14:43:33,1217.HK,0.019,0.025,0.018,0.019,6.00M
2018-08-29 14:43:36,1217.HK,0.019,0.025,0.018,0.019,6.00M
2018-08-29 14:43:40,1217.HK,0.019,0.025,0.018,0.019,6.00M
2018-08-29 14:43:43,1217.HK,0.019,0.025,0.018,0.019,6.00M
2018-08-29 14:43:48,1217.HK,0.019,0.025,0.018,0.019,6.00M
2018-08-29 14:43:53,1217.HK,0.019,0.025,0.018,0.019,6.00M
2018-08-29 14:44:02,1217.HK,0.019,0.025,0.018,0.019,6.00M
2018-08-29 14:44:11,1217.HK,0.019,0.025,0.018,0.019,6.00M
2018-08-29 14:44:15,1217.HK,0.019,0.025,0.018,0.019,6.00M
2018-08-29 14:44:20,1217.HK,0.019,0.025,0.018,0.019,6.00M
2018-08-29 14:44:22,1217.HK,0.019,0.025,0.018,0.019,6.00M
2018-08-29 14:44:25,1217.HK,0.019,0.025,0.018,0.019,6.00M
2018-08-29 14:44:29,1217.HK,0.019,0.025,0.018,0.019,6.00M
2018-08-29 14:44:32,1217.HK,0.019,0.025,0.018,0.019,6.00M
2018-08-29 14:44:35,1217.HK,0.019,0.025,0.018,0.019,6.00M
2018-08-29 14:44:39,1217.HK,0.019,0.025,0.018,0.019,6.00M
2018-08-29 14:44:42,1217.HK,0.019,0.025,0.018,0.019,6.00M
2018-08-29 14:44:45,1217.HK,0.019,0.025,0.018,0.019,6.00M
2018-08-29 14:44:51,1217.HK,0.019,0.025,0.018,0.019,6.00M
2018-08-29 14:44:56,1217.HK,0.019,0.025,0.018,0.019,6.00M
2018-08-29 14:44:59,1217.HK,0.019,0.025,0.018,0.019,6.00M
2018-08-29 14:45:03,1217.HK,0.019,0.025,0.018,0.019,6.00M
2018-08-29 14:45:06,1217.HK,0.019,0.025,0.018,0.019,6.00M
2018-08-29 14:45:09,1217.HK,0.019,0.025,0.018,0.019,6.00M
2018-08-29 14:45:13,1217.HK,0.019,0.025,0.018,0.019,6.00M
2018-08-29 14:45:16,1217.HK,0.019,0.025,0.018,0.019,6.00M
2018-08-29 14:45:19,1217.HK,0.019,0.025,0.018,0.019,6.00M
2018-08-29 14:45:23,1217.HK,0.019,0.025,0.018,0.019,6.00M
2018-08-29 14:45:27,1217.HK,0.019,0.025,0.018,0.019,6.00M
2018-08-29 14:45:31,1217.HK,0.019,0.025,0.018,0.019,6.00M
2018-08-29 14:45:35,1217.HK,0.019,0.025,0.018,0.019,6.00M
2018-08-29 14:45:38,1217.HK,0.019,0.025,0.018,0.019,6.00M
2018-08-29 14:45:40,1217.HK,0.019,0.025,0.018,0.019,6.00M
2018-08-29 14:45:43,1217.HK,0.019,0.025,0.018,0.019,6.00M
2018-08-29 14:45:50,1217.HK,0.019,0.025,0.018,0.019,6.00M
2018-08-29 14:45:53,1217.HK,0.019,0.025,0.018,0.019,6.00M
2018-08-29 14:45:58,1217.HK,0.019,0.025,0.018,0.019,6.00M
2018-08-29 14:46:01,1217.HK,0.019,0.025,0.018,0.019,6.00M
2018-08-29 14:46:06,1217.HK,0.019,0.025,0.018,0.019,6.00M
2018-08-29 14:46:11,1217.HK,0.019,0.025,0.018,0.019,6.00M
2018-08-29 14:46:17,1217.HK,0.019,0.025,0.018,0.019,6.00M
2018-08-29 14:46:21,1217.HK,0.019,0.025,0.018,0.019,6.00M
2018-08-29 14:46:25,1217.HK,0.019,0.025,0.018,0.019,6.00M
2018-08-29 14:46:28,1217.HK,0.019,0.025,0.018,0.019,6.00M
2018-08-29 14:46:30,1217.HK,0.019,0.025,0.018,0.019,6.00M
2018-08-29 14:46:34,1217.HK,0.019,0.025,0.018,0.019,6.00M
2018-08-29 14:46:38,1217.HK,0.019,0.025,0.018,0.019,6.00M
2018-08-29 14:46:42,1217.HK,0.019,0.025,0.018,0.019,6.00M
2018-08-29 14:46:45,1217.HK,0.019,0.025,0.018,0.019,6.00M
2018-08-29 14:46:48,1217.HK,0.019,0.025,0.018,0.019,6.00M
2018-08-29 14:46:52,1217.HK,0.019,0.025,0.018,0.019,6.00M
2018-08-29 14:46:55,1217.HK,0.019,0.025,0.018,0.019,6.00M
2018-08-29 14:47:00,1217.HK,0.019,0.025,0.018,0.019,6.00M
2018-08-29 14:47:03,1217.HK,0.019,0.025,0.018,0.019,6.00M
2018-08-29 14:47:06,1217.HK,0.019,0.025,0.018,0.019,6.00M
2018-08-29 14:47:10,1217.HK,0.019,0.025,0.018,0.019,6.00M
2018-08-29 14:47:13,1217.HK,0.019,0.025,0.018,0.019,6.00M
2018-08-29 14:47:17,1217.HK,0.019,0.025,0.018,0.019,6.00M
2018-08-29 14:47:20,1217.HK,0.019,0.025,0.018,0.019,6.00M
2018-08-29 14:47:22,1217.HK,0.019,0.025,0.018,0.019,6.00M
2018-08-29 14:47:25,1217.HK,0.019,0.025,0.018,0.019,6.00M
2018-08-29 14:47:29,1217.HK,0.019,0.025,0.018,0.019,6.00M
2018-08-29 14:47:32,1217.HK,0.019,0.025,0.018,0.019,6.00M
2018-08-29 14:47:37,1217.HK,0.019,0.025,0.018,0.019,6.00M
2018-08-29 14:47:40,1217.HK,0.019,0.025,0.018,0.019,6.00M
2018-08-29 14:47:44,1217.HK,0.019,0.025,0.018,0.019,6.00M
2018-08-29 14:47:48,1217.HK,0.019,0.025,0.018,0.019,6.00M
2018-08-29 14:47:51,1217.HK,0.019,0.025,0.018,0.019,6.00M
2018-08-29 14:47:56,1217.HK,0.019,0.025,0.018,0.019,6.00M
2018-08-29 14:48:00,1217.HK,0.019,0.025,0.018,0.019,6.00M
2018-08-29 14:48:05,1217.HK,0.019,0.025,0.018,0.019,6.00M
2018-08-29 14:48:13,1217.HK,0.019,0.025,0.018,0.019,6.00M
2018-08-29 14:48:16,1217.HK,0.019,0.025,0.018,0.019,6.00M
2018-08-29 14:48:20,1217.HK,0.019,0.025,0.018,0.019,6.00M
2018-08-29 14:48:24,1217.HK,0.019,0.025,0.018,0.019,6.00M
2018-08-29 14:48:27,1217.HK,0.019,0.025,0.018,0.019,6.00M
2018-08-29 14:48:31,1217.HK,0.019,0.025,0.018,0.019,6.00M
2018-08-29 14:48:36,1217.HK,0.019,0.025,0.018,0.019,6.00M
2018-08-29 14:48:40,1217.HK,0.019,0.025,0.018,0.019,6.00M
2018-08-29 14:48:43,1217.HK,0.019,0.025,0.018,0.019,6.00M
2018-08-29 14:48:47,1217.HK,0.019,0.025,0.018,0.019,6.00M
2018-08-29 14:48:51,1217.HK,0.019,0.025,0.018,0.019,6.00M
2018-08-29 14:48:55,1217.HK,0.019,0.025,0.018,0.019,6.00M
2018-08-29 14:48:58,1217.HK,0.019,0.025,0.018,0.019,6.00M
2018-08-29 14:49:01,1217.HK,0.019,0.025,0.018,0.019,6.00M
2018-08-29 14:49:04,1217.HK,0.019,0.025,0.018,0.019,6.00M
2018-08-29 14:49:07,1217.HK,0.019,0.025,0.018,0.019,6.00M
2018-08-29 14:49:17,1217.HK,0.019,0.025,0.018,0.019,6.00M
2018-08-29 14:49:23,1217.HK,0.019,0.025,0.018,0.019,6.00M
2018-08-29 14:49:26,1217.HK,0.019,0.025,0.018,0.019,6.00M
2018-08-29 14:49:28,1217.HK,0.019,0.025,0.018,0.019,6.00M
2018-08-29 14:49:33,1217.HK,0.019,0.025,0.018,0.019,6.00M
2018-08-29 14:49:36,1217.HK,0.019,0.025,0.018,0.019,6.00M
2018-08-29 14:49:40,1217.HK,0.019,0.025,0.018,0.019,6.00M
2018-08-29 14:49:48,1217.HK,0.019,0.025,0.018,0.019,6.00M
2018-08-29 14:49:53,1217.HK,0.019,0.025,0.018,0.019,6.00M
2018-08-29 14:50:05,1217.HK,0.019,0.025,0.018,0.019,6.00M
2018-08-29 14:50:09,1217.HK,0.019,0.025,0.018,0.019,6.00M
2018-08-29 14:50:18,1217.HK,0.019,0.025,0.018,0.019,6.00M
2018-08-29 14:50:23,1217.HK,0.019,0.025,0.018,0.019,6.00M
2018-08-29 14:50:28,1217.HK,0.019,0.025,0.018,0.019,6.00M
2018-08-29 14:50:31,1217.HK,0.019,0.025,0.018,0.019,6.00M
2018-08-29 14:50:33,1217.HK,0.019,0.025,0.018,0.019,6.00M
2018-08-29 14:50:38,1217.HK,0.019,0.025,0.018,0.019,6.00M
2018-08-29 14:50:41,1217.HK,0.019,0.025,0.018,0.019,6.00M
2018-08-29 14:50:46,1217.HK,0.019,0.025,0.018,0.019,6.00M
2018-08-29 14:50:52,1217.HK,0.019,0.025,0.018,0.019,6.00M
2018-08-29 14:50:56,1217.HK,0.019,0.025,0.018,0.019,6.00M
2018-08-29 14:50:59,1217.HK,0.019,0.025,0.018,0.019,6.00M
2018-08-29 14:51:02,1217.HK,0.019,0.025,0.018,0.019,6.00M
2018-08-29 14:51:06,1217.HK,0.019,0.025,0.018,0.019,6.00M
2018-08-29 14:51:15,1217.HK,0.019,0.025,0.018,0.019,6.00M
2018-08-29 14:51:20,1217.HK,0.019,0.025,0.018,0.019,6.00M
2018-08-29 14:51:23,1217.HK,0.019,0.025,0.018,0.019,6.00M
2018-08-29 14:51:34,1217.HK,0.019,0.025,0.018,0.019,6.00M
2018-08-29 14:51:38,1217.HK,0.019,0.025,0.018,0.019,6.00M
2018-08-29 14:51:41,1217.HK,0.019,0.025,0.018,0.019,6.00M
2018-08-29 14:51:44,1217.HK,0.019,0.025,0.018,0.019,6.00M
2018-08-29 14:51:47,1217.HK,0.019,0.025,0.018,0.019,6.00M
2018-08-29 14:51:52,1217.HK,0.019,0.025,0.018,0.019,6.00M
2018-08-29 14:51:56,1217.HK,0.019,0.025,0.018,0.019,6.00M
2018-08-29 14:52:08,1217.HK,0.019,0.025,0.018,0.019,6.00M
2018-08-29 14:52:16,1217.HK,0.019,0.025,0.018,0.019,6.00M
2018-08-29 14:52:19,1217.HK,0.019,0.025,0.018,0.019,6.00M
2018-08-29 14:52:21,1217.HK,0.019,0.025,0.018,0.019,6.00M
2018-08-29 14:52:24,1217.HK,0.019,0.025,0.018,0.019,6.00M
2018-08-29 14:52:32,1217.HK,0.019,0.025,0.018,0.019,6.00M
2018-08-29 14:52:37,1217.HK,0.019,0.025,0.018,0.019,6.00M
2018-08-29 14:52:40,1217.HK,0.019,0.025,0.018,0.019,6.00M
2018-08-29 14:52:49,1217.HK,0.019,0.025,0.018,0.019,6.00M
2018-08-29 14:52:56,1217.HK,0.019,0.025,0.018,0.019,6.00M
2018-08-29 14:53:03,1217.HK,0.019,0.025,0.018,0.019,6.00M
2018-08-29 14:53:09,1217.HK,0.019,0.025,0.018,0.019,6.00M
2018-08-29 14:53:17,1217.HK,0.019,0.025,0.018,0.019,6.00M
2018-08-29 14:53:23,1217.HK,0.019,0.025,0.018,0.019,6.00M
2018-08-29 14:53:27,1217.HK,0.019,0.025,0.018,0.019,6.00M
2018-08-29 14:53:31,1217.HK,0.019,0.025,0.018,0.019,6.00M
2018-08-29 14:53:35,1217.HK,0.019,0.025,0.018,0.019,6.00M
2018-08-29 14:53:39,1217.HK,0.019,0.025,0.018,0.019,6.00M
2018-08-29 14:53:43,1217.HK,0.019,0.025,0.018,0.019,6.00M
2018-08-29 14:53:46,1217.HK,0.019,0.025,0.018,0.019,6.00M
2018-08-29 14:53:51,1217.HK,0.019,0.025,0.018,0.019,6.00M
2018-08-29 14:53:58,1217.HK,0.019,0.025,0.018,0.019,6.00M
2018-08-29 14:54:13,1217.HK,0.019,0.025,0.018,0.019,6.00M
2018-08-29 14:54:16,1217.HK,0.019,0.025,0.018,0.019,6.00M
2018-08-29 14:54:31,1217.HK,0.019,0.025,0.018,0.019,6.00M
2018-08-29 14:54:34,1217.HK,0.019,0.025,0.018,0.019,6.00M
2018-08-29 14:54:37,1217.HK,0.019,0.025,0.018,0.019,6.00M
2018-08-29 14:54:42,1217.HK,0.019,0.025,0.018,0.019,6.00M
2018-08-29 14:54:45,1217.HK,0.019,0.025,0.018,0.019,6.00M
2018-08-29 14:54:49,1217.HK,0.019,0.025,0.018,0.019,6.00M
2018-08-29 14:54:53,1217.HK,0.019,0.025,0.018,0.019,6.00M
2018-08-29 14:54:57,1217.HK,0.019,0.025,0.018,0.019,6.00M
2018-08-29 14:55:01,1217.HK,0.019,0.025,0.018,0.019,6.00M
2018-08-29 14:55:05,1217.HK,0.019,0.025,0.018,0.019,6.00M
2018-08-29 14:55:12,1217.HK,0.019,0.025,0.018,0.019,6.00M
2018-08-29 14:55:15,1217.HK,0.019,0.025,0.018,0.019,6.00M
2018-08-29 14:55:17,1217.HK,0.019,0.025,0.018,0.019,6.00M
2018-08-29 14:55:19,1217.HK,0.019,0.025,0.018,0.019,6.00M
2018-08-29 14:55:22,1217.HK,0.019,0.025,0.018,0.019,6.00M
2018-08-29 14:55:25,1217.HK,0.019,0.025,0.018,0.019,6.00M
2018-08-29 14:55:28,1217.HK,0.019,0.025,0.018,0.019,6.00M
2018-08-29 14:55:31,1217.HK,0.019,0.025,0.018,0.019,6.00M
2018-08-29 14:55:33,1217.HK,0.019,0.025,0.018,0.019,6.00M
2018-08-29 14:55:36,1217.HK,0.019,0.025,0.018,0.019,6.00M
2018-08-29 14:55:39,1217.HK,0.019,0.025,0.018,0.019,6.00M
2018-08-29 14:55:42,1217.HK,0.019,0.025,0.018,0.019,6.00M
2018-08-29 14:55:47,1217.HK,0.019,0.025,0.018,0.019,6.00M
2018-08-29 14:55:51,1217.HK,0.019,0.025,0.018,0.019,6.00M
2018-08-29 14:55:56,1217.HK,0.019,0.025,0.018,0.019,6.00M
2018-08-29 14:56:08,1217.HK,0.019,0.025,0.018,0.019,6.00M
2018-08-29 14:56:17,1217.HK,0.019,0.025,0.018,0.019,6.00M
2018-08-29 14:56:20,1217.HK,0.019,0.025,0.018,0.019,6.00M
2018-08-29 14:56:27,1217.HK,0.019,0.025,0.018,0.019,6.00M
2018-08-29 14:56:30,1217.HK,0.019,0.025,0.018,0.019,6.00M
2018-08-29 14:56:38,1217.HK,0.019,0.025,0.018,0.019,6.00M
2018-08-29 14:56:42,1217.HK,0.019,0.025,0.018,0.019,6.00M
2018-08-29 14:56:45,1217.HK,0.019,0.025,0.018,0.019,6.00M
2018-08-29 14:56:50,1217.HK,0.019,0.025,0.018,0.019,6.00M
2018-08-29 14:56:53,1217.HK,0.019,0.025,0.018,0.019,6.00M
2018-08-29 14:56:55,1217.HK,0.019,0.025,0.018,0.019,6.00M
2018-08-29 14:56:59,1217.HK,0.019,0.025,0.018,0.019,6.00M
2018-08-29 14:57:03,1217.HK,0.019,0.025,0.018,0.019,6.00M
2018-08-29 14:57:09,1217.HK,0.019,0.025,0.018,0.019,6.00M
2018-08-29 14:57:13,1217.HK,0.019,0.025,0.018,0.019,6.00M
2018-08-29 14:57:17,1217.HK,0.019,0.025,0.018,0.019,6.00M
2018-08-29 14:57:23,1217.HK,0.019,0.025,0.018,0.019,6.00M
2018-08-29 14:57:27,1217.HK,0.019,0.025,0.018,0.019,6.00M
2018-08-29 14:57:29,1217.HK,0.019,0.025,0.018,0.019,6.00M
2018-08-29 14:57:37,1217.HK,0.019,0.025,0.018,0.019,6.00M
2018-08-29 14:57:41,1217.HK,0.019,0.025,0.018,0.019,6.00M
2018-08-29 14:57:43,1217.HK,0.019,0.025,0.018,0.019,6.00M
2018-08-29 14:57:48,1217.HK,0.019,0.025,0.018,0.019,6.00M
2018-08-29 14:57:52,1217.HK,0.019,0.025,0.018,0.019,6.00M
2018-08-29 14:57:57,1217.HK,0.019,0.025,0.018,0.019,6.00M
2018-08-29 14:58:00,1217.HK,0.019,0.025,0.018,0.019,6.00M
2018-08-29 14:58:04,1217.HK,0.019,0.025,0.018,0.019,6.00M
2018-08-29 14:58:07,1217.HK,0.019,0.025,0.018,0.019,6.00M
2018-08-29 14:58:09,1217.HK,0.019,0.025,0.018,0.019,6.00M
2018-08-29 14:58:15,1217.HK,0.019,0.025,0.018,0.019,6.00M
2018-08-29 14:58:23,1217.HK,0.019,0.025,0.018,0.019,6.00M
2018-08-29 14:58:26,1217.HK,0.019,0.025,0.018,0.019,6.00M
2018-08-29 14:58:29,1217.HK,0.019,0.025,0.018,0.019,6.00M
2018-08-29 14:58:31,1217.HK,0.019,0.025,0.018,0.019,6.00M
2018-08-29 14:58:33,1217.HK,0.019,0.025,0.018,0.019,6.00M
2018-08-29 14:58:35,1217.HK,0.019,0.025,0.018,0.019,6.00M
2018-08-29 14:58:38,1217.HK,0.019,0.025,0.018,0.019,6.00M
2018-08-29 14:58:41,1217.HK,0.019,0.025,0.018,0.019,6.00M
2018-08-29 14:58:43,1217.HK,0.019,0.025,0.018,0.019,6.00M
2018-08-29 14:58:46,1217.HK,0.019,0.025,0.018,0.019,6.00M
2018-08-29 14:58:51,1217.HK,0.019,0.025,0.018,0.019,6.00M
2018-08-29 14:58:55,1217.HK,0.019,0.025,0.018,0.019,6.00M
2018-08-29 14:58:58,1217.HK,0.019,0.025,0.018,0.019,6.00M
2018-08-29 14:59:01,1217.HK,0.019,0.025,0.018,0.019,6.00M
2018-08-29 14:59:03,1217.HK,0.019,0.025,0.018,0.019,6.00M
2018-08-29 14:59:07,1217.HK,0.019,0.025,0.018,0.019,6.00M
2018-08-29 14:59:10,1217.HK,0.019,0.025,0.018,0.019,6.00M
2018-08-29 14:59:13,1217.HK,0.019,0.025,0.018,0.019,6.00M
2018-08-29 14:59:17,1217.HK,0.019,0.025,0.018,0.019,6.00M
2018-08-29 14:59:20,1217.HK,0.019,0.025,0.018,0.019,6.00M
2018-08-29 14:59:24,1217.HK,0.019,0.025,0.018,0.019,6.00M
2018-08-29 14:59:27,1217.HK,0.019,0.025,0.018,0.019,6.00M
2018-08-29 14:59:30,1217.HK,0.019,0.025,0.018,0.019,6.00M
2018-08-29 14:59:33,1217.HK,0.019,0.025,0.018,0.019,6.00M
2018-08-29 14:59:37,1217.HK,0.019,0.025,0.018,0.019,6.00M
2018-08-29 14:59:39,1217.HK,0.019,0.025,0.018,0.019,6.00M
2018-08-29 14:59:41,1217.HK,0.019,0.025,0.018,0.019,6.00M
2018-08-29 14:59:45,1217.HK,0.019,0.025,0.018,0.019,6.00M
2018-08-29 14:59:49,1217.HK,0.019,0.025,0.018,0.019,6.00M
2018-08-29 14:59:53,1217.HK,0.019,0.025,0.018,0.019,6.00M
2018-08-29 14:59:56,1217.HK,0.019,0.025,0.018,0.019,6.00M
2018-08-29 15:00:01,1217.HK,0.019,0.025,0.018,0.019,6.00M
2018-08-29 15:00:07,1217.HK,0.019,0.025,0.018,0.019,6.00M
2018-08-29 15:00:16,1217.HK,0.019,0.025,0.018,0.019,6.00M
2018-08-29 15:00:19,1217.HK,0.019,0.025,0.018,0.019,6.00M
2018-08-29 15:00:21,1217.HK,0.019,0.025,0.018,0.019,6.00M
2018-08-29 15:00:24,1217.HK,0.019,0.025,0.018,0.019,6.00M
2018-08-29 15:00:27,1217.HK,0.019,0.025,0.018,0.019,6.00M
2018-08-29 15:00:30,1217.HK,0.019,0.025,0.018,0.019,6.00M
2018-08-29 15:00:33,1217.HK,0.019,0.025,0.018,0.019,6.00M
2018-08-29 15:00:36,1217.HK,0.019,0.025,0.018,0.019,6.00M
2018-08-29 15:00:39,1217.HK,0.019,0.025,0.018,0.019,6.00M
2018-08-29 15:00:43,1217.HK,0.019,0.025,0.018,0.019,6.00M
2018-08-29 15:00:47,1217.HK,0.019,0.025,0.018,0.019,6.00M
2018-08-29 15:00:50,1217.HK,0.019,0.025,0.018,0.019,6.00M
2018-08-29 15:00:54,1217.HK,0.019,0.025,0.018,0.019,6.00M
2018-08-29 15:00:57,1217.HK,0.019,0.025,0.018,0.019,6.00M
2018-08-29 15:00:59,1217.HK,0.019,0.025,0.018,0.019,6.00M
2018-08-29 15:01:02,1217.HK,0.019,0.025,0.018,0.019,6.00M
2018-08-29 15:01:05,1217.HK,0.019,0.025,0.018,0.019,6.00M
2018-08-29 15:01:07,1217.HK,0.019,0.025,0.018,0.019,6.00M
2018-08-29 15:01:13,1217.HK,0.019,0.025,0.018,0.019,6.00M
2018-08-29 15:01:21,1217.HK,0.019,0.025,0.018,0.019,6.00M
2018-08-29 15:01:28,1217.HK,0.019,0.025,0.018,0.019,6.00M
2018-08-29 15:01:31,1217.HK,0.019,0.025,0.018,0.019,6.00M
2018-08-29 15:01:33,1217.HK,0.019,0.025,0.018,0.019,6.00M
2018-08-29 15:01:36,1217.HK,0.019,0.025,0.018,0.019,6.00M
2018-08-29 15:01:39,1217.HK,0.019,0.025,0.018,0.019,6.00M
2018-08-29 15:01:44,1217.HK,0.019,0.025,0.018,0.019,6.00M
2018-08-29 15:01:47,1217.HK,0.019,0.025,0.018,0.019,6.00M
2018-08-29 15:01:49,1217.HK,0.019,0.025,0.018,0.019,6.00M
2018-08-29 15:01:53,1217.HK,0.019,0.025,0.018,0.019,6.00M
2018-08-29 15:01:58,1217.HK,0.019,0.025,0.018,0.019,6.00M
2018-08-29 15:02:02,1217.HK,0.019,0.025,0.018,0.019,6.00M
2018-08-29 15:02:05,1217.HK,0.019,0.025,0.018,0.019,6.00M
2018-08-29 15:02:07,1217.HK,0.019,0.025,0.018,0.019,6.00M
2018-08-29 15:02:13,1217.HK,0.019,0.025,0.018,0.019,6.00M
2018-08-29 15:02:15,1217.HK,0.019,0.025,0.018,0.019,6.00M
2018-08-29 15:02:23,1217.HK,0.019,0.025,0.018,0.019,6.00M
2018-08-29 15:02:27,1217.HK,0.019,0.025,0.018,0.019,6.00M
2018-08-29 15:02:31,1217.HK,0.019,0.025,0.018,0.019,6.00M
2018-08-29 15:02:38,1217.HK,0.019,0.025,0.018,0.019,6.00M
2018-08-29 15:02:41,1217.HK,0.019,0.025,0.018,0.019,6.00M
2018-08-29 15:02:43,1217.HK,0.019,0.025,0.018,0.019,6.00M
2018-08-29 15:02:46,1217.HK,0.019,0.025,0.018,0.019,6.00M
2018-08-29 15:02:50,1217.HK,0.019,0.025,0.018,0.019,6.00M
2018-08-29 15:02:55,1217.HK,0.019,0.025,0.018,0.019,6.00M
2018-08-29 15:02:58,1217.HK,0.019,0.025,0.018,0.019,6.00M
2018-08-29 15:03:01,1217.HK,0.019,0.025,0.018,0.019,6.00M
2018-08-29 15:03:04,1217.HK,0.019,0.025,0.018,0.019,6.00M
2018-08-29 15:03:07,1217.HK,0.019,0.025,0.018,0.019,6.00M
2018-08-29 15:03:16,1217.HK,0.019,0.025,0.018,0.019,6.00M
2018-08-29 15:03:21,1217.HK,0.019,0.025,0.018,0.019,6.00M
2018-08-29 15:03:25,1217.HK,0.019,0.025,0.018,0.019,6.00M
2018-08-29 15:03:32,1217.HK,0.019,0.025,0.018,0.019,6.00M
2018-08-29 15:03:35,1217.HK,0.019,0.025,0.018,0.019,6.00M
2018-08-29 15:03:37,1217.HK,0.019,0.025,0.018,0.019,6.00M
2018-08-29 15:03:41,1217.HK,0.019,0.025,0.018,0.019,6.00M
2018-08-29 15:03:45,1217.HK,0.019,0.025,0.018,0.019,6.00M
2018-08-29 15:03:50,1217.HK,0.019,0.025,0.018,0.019,6.00M
2018-08-29 15:03:57,1217.HK,0.019,0.025,0.018,0.019,6.00M
2018-08-29 15:04:11,1217.HK,0.019,0.025,0.018,0.019,6.00M
2018-08-29 15:04:17,1217.HK,0.019,0.025,0.018,0.019,6.00M
2018-08-29 15:04:26,1217.HK,0.019,0.025,0.018,0.019,6.00M
2018-08-29 15:04:29,1217.HK,0.019,0.025,0.018,0.019,6.00M
2018-08-29 15:04:31,1217.HK,0.019,0.025,0.018,0.019,6.00M
2018-08-29 15:04:34,1217.HK,0.019,0.025,0.018,0.019,6.00M
2018-08-29 15:04:37,1217.HK,0.019,0.025,0.018,0.019,6.00M
2018-08-29 15:04:39,1217.HK,0.019,0.025,0.018,0.019,6.00M
2018-08-29 15:04:42,1217.HK,0.019,0.025,0.018,0.019,6.00M
2018-08-29 15:04:45,1217.HK,0.019,0.025,0.018,0.019,6.00M
2018-08-29 15:04:49,1217.HK,0.019,0.025,0.018,0.019,6.00M
2018-08-29 15:04:53,1217.HK,0.019,0.025,0.018,0.019,6.00M
2018-08-29 15:04:56,1217.HK,0.019,0.025,0.018,0.019,6.00M
2018-08-29 15:05:00,1217.HK,0.019,0.025,0.018,0.019,6.00M
2018-08-29 15:05:05,1217.HK,0.019,0.025,0.018,0.019,6.00M
2018-08-29 15:05:08,1217.HK,0.019,0.025,0.018,0.019,6.00M
2018-08-29 15:05:14,1217.HK,0.019,0.025,0.018,0.019,6.00M
2018-08-29 15:05:18,1217.HK,0.019,0.025,0.018,0.019,6.00M
2018-08-29 15:05:22,1217.HK,0.019,0.025,0.018,0.019,6.00M
2018-08-29 15:05:25,1217.HK,0.019,0.025,0.018,0.019,6.00M
2018-08-29 15:05:27,1217.HK,0.019,0.025,0.018,0.019,6.00M
2018-08-29 15:05:30,1217.HK,0.019,0.025,0.018,0.019,6.00M
2018-08-29 15:05:37,1217.HK,0.019,0.025,0.018,0.019,6.00M
2018-08-29 15:05:41,1217.HK,0.019,0.025,0.018,0.019,6.00M
2018-08-29 15:05:45,1217.HK,0.019,0.025,0.018,0.019,6.00M
2018-08-29 15:05:48,1217.HK,0.019,0.025,0.018,0.019,6.00M
2018-08-29 15:05:55,1217.HK,0.019,0.025,0.018,0.019,6.00M
2018-08-29 15:06:04,1217.HK,0.019,0.025,0.018,0.019,6.00M
2018-08-29 15:06:15,1217.HK,0.019,0.025,0.018,0.019,6.00M
2018-08-29 15:06:19,1217.HK,0.019,0.025,0.018,0.019,6.00M
2018-08-29 15:06:25,1217.HK,0.019,0.025,0.018,0.019,6.00M
2018-08-29 15:06:28,1217.HK,0.019,0.025,0.018,0.019,6.00M
2018-08-29 15:06:31,1217.HK,0.019,0.025,0.018,0.019,6.00M
2018-08-29 15:06:33,1217.HK,0.019,0.025,0.018,0.019,6.00M
2018-08-29 15:06:36,1217.HK,0.019,0.025,0.018,0.019,6.00M
2018-08-29 15:06:45,1217.HK,0.019,0.025,0.018,0.019,6.00M
2018-08-29 15:06:49,1217.HK,0.019,0.025,0.018,0.019,6.00M
2018-08-29 15:06:53,1217.HK,0.019,0.025,0.018,0.019,6.00M
2018-08-29 15:06:57,1217.HK,0.019,0.025,0.018,0.019,6.00M
2018-08-29 15:07:00,1217.HK,0.019,0.025,0.018,0.019,6.00M
2018-08-29 15:07:06,1217.HK,0.019,0.025,0.018,0.019,6.00M
2018-08-29 15:07:11,1217.HK,0.019,0.025,0.018,0.019,6.00M
2018-08-29 15:07:21,1217.HK,0.019,0.025,0.018,0.019,6.00M
2018-08-29 15:07:27,1217.HK,0.019,0.025,0.018,0.019,6.00M
2018-08-29 15:07:30,1217.HK,0.019,0.025,0.018,0.019,6.00M
2018-08-29 15:07:34,1217.HK,0.019,0.025,0.018,0.019,6.00M
2018-08-29 15:07:37,1217.HK,0.019,0.025,0.018,0.019,6.00M
2018-08-29 15:07:41,1217.HK,0.019,0.025,0.018,0.019,6.00M
2018-08-29 15:07:47,1217.HK,0.019,0.025,0.018,0.019,6.00M
2018-08-29 15:07:51,1217.HK,0.019,0.025,0.018,0.019,6.00M
2018-08-29 15:07:59,1217.HK,0.019,0.025,0.018,0.019,6.00M
2018-08-29 15:08:03,1217.HK,0.019,0.025,0.018,0.019,6.00M
2018-08-29 15:08:11,1217.HK,0.019,0.025,0.018,0.019,6.00M
2018-08-29 15:08:14,1217.HK,0.019,0.025,0.018,0.019,6.00M
2018-08-29 15:08:21,1217.HK,0.019,0.025,0.018,0.019,6.00M
2018-08-29 15:08:25,1217.HK,0.019,0.025,0.018,0.019,6.00M
2018-08-29 15:08:32,1217.HK,0.019,0.025,0.018,0.019,6.00M
2018-08-29 15:08:36,1217.HK,0.019,0.025,0.018,0.019,6.00M
2018-08-29 15:08:41,1217.HK,0.019,0.025,0.018,0.019,6.00M
2018-08-29 15:08:46,1217.HK,0.019,0.025,0.018,0.019,6.00M
2018-08-29 15:08:49,1217.HK,0.019,0.025,0.018,0.019,6.00M
2018-08-29 15:08:51,1217.HK,0.019,0.025,0.018,0.019,6.00M
2018-08-29 15:08:55,1217.HK,0.019,0.025,0.018,0.019,6.00M
2018-08-29 15:08:58,1217.HK,0.019,0.025,0.018,0.019,6.00M
2018-08-29 15:09:01,1217.HK,0.019,0.025,0.018,0.019,6.00M
2018-08-29 15:09:04,1217.HK,0.019,0.025,0.018,0.019,6.00M
2018-08-29 15:09:13,1217.HK,0.019,0.025,0.018,0.019,6.00M
2018-08-29 15:09:16,1217.HK,0.019,0.025,0.018,0.019,6.00M
2018-08-29 15:09:19,1217.HK,0.019,0.025,0.018,0.019,6.00M
2018-08-29 15:09:25,1217.HK,0.019,0.025,0.018,0.019,6.00M
2018-08-29 15:09:30,1217.HK,0.019,0.025,0.018,0.019,6.00M
2018-08-29 15:09:37,1217.HK,0.019,0.025,0.018,0.019,6.00M
2018-08-29 15:09:41,1217.HK,0.019,0.025,0.018,0.019,6.00M
2018-08-29 15:09:47,1217.HK,0.019,0.025,0.018,0.019,6.00M
2018-08-29 15:09:55,1217.HK,0.019,0.025,0.018,0.019,6.00M
2018-08-29 15:09:58,1217.HK,0.019,0.025,0.018,0.019,6.00M
2018-08-29 15:10:10,1217.HK,0.019,0.025,0.018,0.019,6.00M
2018-08-29 15:10:17,1217.HK,0.019,0.025,0.018,0.019,6.00M
2018-08-29 15:10:23,1217.HK,0.019,0.025,0.018,0.019,6.00M
2018-08-29 15:10:26,1217.HK,0.019,0.025,0.018,0.019,6.00M
2018-08-29 15:10:32,1217.HK,0.019,0.025,0.018,0.019,6.00M
2018-08-29 15:10:36,1217.HK,0.019,0.025,0.018,0.019,6.00M
2018-08-29 15:10:41,1217.HK,0.019,0.025,0.018,0.019,6.00M
2018-08-29 15:10:44,1217.HK,0.019,0.025,0.018,0.019,6.00M
2018-08-29 15:10:46,1217.HK,0.019,0.025,0.018,0.019,6.00M
2018-08-29 15:10:49,1217.HK,0.019,0.025,0.018,0.019,6.00M
2018-08-29 15:10:52,1217.HK,0.019,0.025,0.018,0.019,6.00M
2018-08-29 15:10:56,1217.HK,0.019,0.025,0.018,0.019,6.00M
2018-08-29 15:11:00,1217.HK,0.019,0.025,0.018,0.019,6.00M
2018-08-29 15:11:02,1217.HK,0.019,0.025,0.018,0.019,6.00M
2018-08-29 15:11:06,1217.HK,0.019,0.025,0.018,0.019,6.00M
2018-08-29 15:11:12,1217.HK,0.019,0.025,0.018,0.019,6.00M
2018-08-29 15:11:14,1217.HK,0.019,0.025,0.018,0.019,6.00M
2018-08-29 15:11:18,1217.HK,0.019,0.025,0.018,0.019,6.00M
2018-08-29 15:11:20,1217.HK,0.019,0.025,0.018,0.019,6.00M
2018-08-29 15:11:23,1217.HK,0.019,0.025,0.018,0.019,6.00M
2018-08-29 15:11:30,1217.HK,0.019,0.025,0.018,0.019,6.00M
2018-08-29 15:11:34,1217.HK,0.019,0.025,0.018,0.019,6.00M
2018-08-29 15:11:40,1217.HK,0.019,0.025,0.018,0.019,6.00M
2018-08-29 15:11:44,1217.HK,0.019,0.025,0.018,0.019,6.00M
2018-08-29 15:11:46,1217.HK,0.019,0.025,0.018,0.019,6.00M
2018-08-29 15:11:50,1217.HK,0.019,0.025,0.018,0.019,6.00M
2018-08-29 15:11:53,1217.HK,0.019,0.025,0.018,0.019,6.00M
2018-08-29 15:11:56,1217.HK,0.019,0.025,0.018,0.019,6.00M
2018-08-29 15:12:00,1217.HK,0.019,0.025,0.018,0.019,6.00M
2018-08-29 15:12:04,1217.HK,0.019,0.025,0.018,0.019,6.00M
2018-08-29 15:12:13,1217.HK,0.019,0.025,0.018,0.019,6.00M
2018-08-29 15:12:24,1217.HK,0.019,0.025,0.018,0.019,6.00M
2018-08-29 15:12:28,1217.HK,0.019,0.025,0.018,0.019,6.00M
2018-08-29 15:12:32,1217.HK,0.019,0.025,0.018,0.019,6.00M
2018-08-29 15:12:35,1217.HK,0.019,0.025,0.018,0.019,6.00M
2018-08-29 15:12:37,1217.HK,0.019,0.025,0.018,0.019,6.00M
2018-08-29 15:12:40,1217.HK,0.019,0.025,0.018,0.019,6.00M
2018-08-29 15:12:44,1217.HK,0.019,0.025,0.018,0.019,6.00M
2018-08-29 15:12:47,1217.HK,0.019,0.025,0.018,0.019,6.00M
2018-08-29 15:12:50,1217.HK,0.019,0.025,0.018,0.019,6.00M
2018-08-29 15:12:53,1217.HK,0.019,0.025,0.018,0.019,6.00M
2018-08-29 15:12:57,1217.HK,0.019,0.025,0.018,0.019,6.00M
2018-08-29 15:13:00,1217.HK,0.019,0.025,0.018,0.019,6.00M
2018-08-29 15:13:04,1217.HK,0.019,0.025,0.018,0.019,6.00M
2018-08-29 15:13:10,1217.HK,0.019,0.025,0.018,0.019,6.00M
2018-08-29 15:13:20,1217.HK,0.019,0.025,0.018,0.019,6.00M
2018-08-29 15:13:26,1217.HK,0.019,0.025,0.018,0.019,6.00M
2018-08-29 15:13:30,1217.HK,0.019,0.025,0.018,0.019,6.00M
2018-08-29 15:13:34,1217.HK,0.019,0.025,0.018,0.019,6.00M
2018-08-29 15:13:37,1217.HK,0.019,0.025,0.018,0.019,6.00M
2018-08-29 15:13:39,1217.HK,0.019,0.025,0.018,0.019,6.00M
2018-08-29 15:13:43,1217.HK,0.019,0.025,0.018,0.019,6.00M
2018-08-29 15:13:48,1217.HK,0.019,0.025,0.018,0.019,6.00M
2018-08-29 15:13:54,1217.HK,0.019,0.025,0.018,0.019,6.00M
2018-08-29 15:13:58,1217.HK,0.019,0.025,0.018,0.019,6.00M
2018-08-29 15:14:06,1217.HK,0.019,0.025,0.018,0.019,6.00M
2018-08-29 15:14:16,1217.HK,0.019,0.025,0.018,0.019,6.00M
2018-08-29 15:14:24,1217.HK,0.019,0.025,0.018,0.019,6.00M
2018-08-29 15:14:28,1217.HK,0.019,0.025,0.018,0.019,6.00M
2018-08-29 15:14:33,1217.HK,0.019,0.025,0.018,0.019,6.00M
2018-08-29 15:14:36,1217.HK,0.019,0.025,0.018,0.019,6.00M
2018-08-29 15:14:40,1217.HK,0.019,0.025,0.018,0.019,6.00M
2018-08-29 15:14:46,1217.HK,0.019,0.025,0.018,0.019,6.00M
2018-08-29 15:14:50,1217.HK,0.019,0.025,0.018,0.019,6.00M
2018-08-29 15:14:54,1217.HK,0.019,0.025,0.018,0.019,6.00M
2018-08-29 15:14:57,1217.HK,0.019,0.025,0.018,0.019,6.00M
2018-08-29 15:15:01,1217.HK,0.019,0.025,0.018,0.019,6.00M
2018-08-29 15:15:04,1217.HK,0.019,0.025,0.018,0.019,6.00M
2018-08-29 15:15:08,1217.HK,0.019,0.025,0.018,0.019,6.00M
2018-08-29 15:15:20,1217.HK,0.019,0.025,0.018,0.019,6.00M
2018-08-29 15:15:35,1217.HK,0.019,0.025,0.018,0.019,6.00M
2018-08-29 15:15:40,1217.HK,0.019,0.025,0.018,0.019,6.00M
2018-08-29 15:15:44,1217.HK,0.019,0.025,0.018,0.019,6.00M
2018-08-29 15:15:50,1217.HK,0.019,0.025,0.018,0.019,6.00M
2018-08-29 15:15:54,1217.HK,0.019,0.025,0.018,0.019,6.00M
2018-08-29 15:16:09,1217.HK,0.019,0.025,0.018,0.019,6.00M
2018-08-29 15:16:15,1217.HK,0.019,0.025,0.018,0.019,6.00M
2018-08-29 15:16:19,1217.HK,0.019,0.025,0.018,0.019,6.00M
2018-08-29 15:16:23,1217.HK,0.019,0.025,0.018,0.019,6.00M
2018-08-29 15:16:26,1217.HK,0.019,0.025,0.018,0.019,6.00M
2018-08-29 15:16:30,1217.HK,0.019,0.025,0.018,0.019,6.00M
2018-08-29 15:16:33,1217.HK,0.019,0.025,0.018,0.019,6.00M
2018-08-29 15:16:37,1217.HK,0.019,0.025,0.018,0.019,6.00M
2018-08-29 15:16:41,1217.HK,0.019,0.025,0.018,0.019,6.00M
2018-08-29 15:16:44,1217.HK,0.019,0.025,0.018,0.019,6.00M
2018-08-29 15:16:53,1217.HK,0.019,0.025,0.018,0.019,6.00M
2018-08-29 15:16:57,1217.HK,0.019,0.025,0.018,0.019,6.00M
2018-08-29 15:17:00,1217.HK,0.019,0.025,0.018,0.019,6.00M
2018-08-29 15:17:03,1217.HK,0.019,0.025,0.018,0.019,6.00M
2018-08-29 15:17:07,1217.HK,0.019,0.025,0.018,0.019,6.00M
2018-08-29 15:17:16,1217.HK,0.019,0.025,0.018,0.019,6.00M
2018-08-29 15:17:21,1217.HK,0.019,0.025,0.018,0.019,6.00M
2018-08-29 15:17:27,1217.HK,0.019,0.025,0.018,0.019,6.00M
2018-08-29 15:17:31,1217.HK,0.019,0.025,0.018,0.019,6.00M
2018-08-29 15:17:34,1217.HK,0.019,0.025,0.018,0.019,6.00M
2018-08-29 15:17:38,1217.HK,0.019,0.025,0.018,0.019,6.00M
2018-08-29 15:17:41,1217.HK,0.019,0.025,0.018,0.019,6.00M
2018-08-29 15:17:46,1217.HK,0.019,0.025,0.018,0.019,6.00M
2018-08-29 15:17:49,1217.HK,0.019,0.025,0.018,0.019,6.00M
2018-08-29 15:17:53,1217.HK,0.019,0.025,0.018,0.019,6.00M
2018-08-29 15:18:03,1217.HK,0.019,0.025,0.018,0.019,6.00M
2018-08-29 15:18:07,1217.HK,0.019,0.025,0.018,0.019,6.00M
2018-08-29 15:18:23,1217.HK,0.019,0.025,0.018,0.019,6.00M
2018-08-29 15:18:29,1217.HK,0.019,0.025,0.018,0.019,6.00M
2018-08-29 15:18:35,1217.HK,0.019,0.025,0.018,0.019,6.00M
2018-08-29 15:18:38,1217.HK,0.019,0.025,0.018,0.019,6.00M
2018-08-29 15:18:41,1217.HK,0.019,0.025,0.018,0.019,6.00M
2018-08-29 15:18:44,1217.HK,0.019,0.025,0.018,0.019,6.00M
2018-08-29 15:18:50,1217.HK,0.019,0.025,0.018,0.019,6.00M
2018-08-29 15:18:54,1217.HK,0.019,0.025,0.018,0.019,6.00M
2018-08-29 15:18:57,1217.HK,0.019,0.025,0.018,0.019,6.00M
2018-08-29 15:19:00,1217.HK,0.019,0.025,0.018,0.019,6.00M
2018-08-29 15:19:04,1217.HK,0.019,0.025,0.018,0.019,6.00M
2018-08-29 15:19:08,1217.HK,0.019,0.025,0.018,0.019,6.00M
2018-08-29 15:19:12,1217.HK,0.019,0.025,0.018,0.019,6.00M
2018-08-29 15:19:17,1217.HK,0.019,0.025,0.018,0.019,6.00M
2018-08-29 15:19:21,1217.HK,0.019,0.025,0.018,0.019,6.00M
2018-08-29 15:19:26,1217.HK,0.019,0.025,0.018,0.019,6.00M
2018-08-29 15:19:30,1217.HK,0.019,0.025,0.018,0.019,6.00M
2018-08-29 15:19:33,1217.HK,0.019,0.025,0.018,0.019,6.00M
2018-08-29 15:19:36,1217.HK,0.019,0.025,0.018,0.019,6.00M
2018-08-29 15:19:40,1217.HK,0.019,0.025,0.018,0.019,6.00M
2018-08-29 15:19:43,1217.HK,0.019,0.025,0.018,0.019,6.00M
2018-08-29 15:19:47,1217.HK,0.019,0.025,0.018,0.019,6.00M
2018-08-29 15:19:53,1217.HK,0.019,0.025,0.018,0.019,6.00M
2018-08-29 15:20:03,1217.HK,0.019,0.025,0.018,0.019,6.00M
2018-08-29 15:20:12,1217.HK,0.019,0.025,0.018,0.019,6.00M
2018-08-29 15:20:15,1217.HK,0.019,0.025,0.018,0.019,6.00M
2018-08-29 15:20:19,1217.HK,0.019,0.025,0.018,0.019,6.00M
2018-08-29 15:20:23,1217.HK,0.019,0.025,0.018,0.019,6.00M
2018-08-29 15:20:26,1217.HK,0.019,0.025,0.018,0.019,6.00M
2018-08-29 15:20:28,1217.HK,0.019,0.025,0.018,0.019,6.00M
2018-08-29 15:20:32,1217.HK,0.019,0.025,0.018,0.019,6.00M
2018-08-29 15:20:35,1217.HK,0.019,0.025,0.018,0.019,6.00M
2018-08-29 15:20:38,1217.HK,0.019,0.025,0.018,0.019,6.00M
2018-08-29 15:20:42,1217.HK,0.019,0.025,0.018,0.019,6.00M
2018-08-29 15:20:44,1217.HK,0.019,0.025,0.018,0.019,6.00M
2018-08-29 15:20:47,1217.HK,0.019,0.025,0.018,0.019,6.00M
2018-08-29 15:20:51,1217.HK,0.019,0.025,0.018,0.019,6.00M
2018-08-29 15:20:54,1217.HK,0.019,0.025,0.018,0.019,6.00M
2018-08-29 15:20:56,1217.HK,0.019,0.025,0.018,0.019,6.00M
2018-08-29 15:20:59,1217.HK,0.019,0.025,0.018,0.019,6.00M
2018-08-29 15:21:02,1217.HK,0.019,0.025,0.018,0.019,6.00M
2018-08-29 15:21:06,1217.HK,0.019,0.025,0.018,0.019,6.00M
2018-08-29 15:21:09,1217.HK,0.019,0.025,0.018,0.019,6.00M
2018-08-29 15:21:13,1217.HK,0.019,0.025,0.018,0.019,6.00M
2018-08-29 15:21:18,1217.HK,0.019,0.025,0.018,0.019,6.00M
2018-08-29 15:21:21,1217.HK,0.019,0.025,0.018,0.019,6.00M
2018-08-29 15:21:24,1217.HK,0.019,0.025,0.018,0.019,6.00M
2018-08-29 15:21:27,1217.HK,0.019,0.025,0.018,0.019,6.00M
2018-08-29 15:21:30,1217.HK,0.019,0.025,0.018,0.019,6.00M
2018-08-29 15:21:33,1217.HK,0.019,0.025,0.018,0.019,6.00M
2018-08-29 15:21:36,1217.HK,0.019,0.025,0.018,0.019,6.00M
2018-08-29 15:21:40,1217.HK,0.019,0.025,0.018,0.019,6.00M
2018-08-29 15:21:44,1217.HK,0.019,0.025,0.018,0.019,6.00M
2018-08-29 15:21:47,1217.HK,0.019,0.025,0.018,0.019,6.00M
2018-08-29 15:21:50,1217.HK,0.019,0.025,0.018,0.019,6.00M
2018-08-29 15:21:53,1217.HK,0.019,0.025,0.018,0.019,6.00M
2018-08-29 15:21:56,1217.HK,0.019,0.025,0.018,0.019,6.00M
2018-08-29 15:22:03,1217.HK,0.019,0.025,0.018,0.019,6.00M
2018-08-29 15:22:07,1217.HK,0.019,0.025,0.018,0.019,6.00M
2018-08-29 15:22:13,1217.HK,0.019,0.025,0.018,0.019,6.00M
2018-08-29 15:22:17,1217.HK,0.019,0.025,0.018,0.019,6.00M
2018-08-29 15:22:23,1217.HK,0.019,0.025,0.018,0.019,6.00M
2018-08-29 15:22:27,1217.HK,0.019,0.025,0.018,0.019,6.00M
2018-08-29 15:22:31,1217.HK,0.019,0.025,0.018,0.019,6.00M
2018-08-29 15:22:35,1217.HK,0.019,0.025,0.018,0.019,6.00M
2018-08-29 15:22:38,1217.HK,0.019,0.025,0.018,0.019,6.00M
2018-08-29 15:22:40,1217.HK,0.019,0.025,0.018,0.019,6.00M
2018-08-29 15:22:42,1217.HK,0.019,0.025,0.018,0.019,6.00M
2018-08-29 15:22:47,1217.HK,0.019,0.025,0.018,0.019,6.00M
2018-08-29 15:22:50,1217.HK,0.019,0.025,0.018,0.019,6.00M
2018-08-29 15:22:52,1217.HK,0.019,0.025,0.018,0.019,6.00M
2018-08-29 15:22:55,1217.HK,0.019,0.025,0.018,0.019,6.00M
2018-08-29 15:22:59,1217.HK,0.019,0.025,0.018,0.019,6.00M
2018-08-29 15:23:02,1217.HK,0.019,0.025,0.018,0.019,6.00M
2018-08-29 15:23:03,1217.HK,0.019,0.025,0.018,0.019,6.00M
2018-08-29 15:23:15,1217.HK,0.019,0.025,0.018,0.019,6.00M
2018-08-29 15:23:18,1217.HK,0.019,0.025,0.018,0.019,6.00M
2018-08-29 15:23:20,1217.HK,0.019,0.025,0.018,0.019,6.00M
2018-08-29 15:23:23,1217.HK,0.019,0.025,0.018,0.019,6.00M
2018-08-29 15:23:26,1217.HK,0.019,0.025,0.018,0.019,6.00M
2018-08-29 15:23:29,1217.HK,0.019,0.025,0.018,0.019,6.00M
2018-08-29 15:23:32,1217.HK,0.019,0.025,0.018,0.019,6.00M
2018-08-29 15:23:34,1217.HK,0.019,0.025,0.018,0.019,6.00M
2018-08-29 15:23:37,1217.HK,0.019,0.025,0.018,0.019,6.00M
2018-08-29 15:23:41,1217.HK,0.019,0.025,0.018,0.019,6.00M
2018-08-29 15:23:45,1217.HK,0.019,0.025,0.018,0.019,6.00M
2018-08-29 15:23:49,1217.HK,0.019,0.025,0.018,0.019,6.00M
2018-08-29 15:23:52,1217.HK,0.019,0.025,0.018,0.019,6.00M
2018-08-29 15:23:57,1217.HK,0.019,0.025,0.018,0.019,6.00M
2018-08-29 15:24:01,1217.HK,0.019,0.025,0.018,0.019,6.00M
2018-08-29 15:24:13,1217.HK,0.019,0.025,0.018,0.019,6.00M
2018-08-29 15:24:18,1217.HK,0.019,0.025,0.018,0.019,6.00M
2018-08-29 15:24:25,1217.HK,0.019,0.025,0.018,0.019,6.00M
2018-08-29 15:24:31,1217.HK,0.019,0.025,0.018,0.019,6.00M
2018-08-29 15:24:33,1217.HK,0.019,0.025,0.018,0.019,6.00M
2018-08-29 15:24:36,1217.HK,0.019,0.025,0.018,0.019,6.00M
2018-08-29 15:24:40,1217.HK,0.019,0.025,0.018,0.019,6.00M
2018-08-29 15:24:42,1217.HK,0.019,0.025,0.018,0.019,6.00M
2018-08-29 15:24:45,1217.HK,0.019,0.025,0.018,0.019,6.00M
2018-08-29 15:24:49,1217.HK,0.019,0.025,0.018,0.019,6.00M
2018-08-29 15:24:52,1217.HK,0.019,0.025,0.018,0.019,6.00M
2018-08-29 15:24:53,1217.HK,0.019,0.025,0.018,0.019,6.00M
2018-08-29 15:24:57,1217.HK,0.019,0.025,0.018,0.019,6.00M
2018-08-29 15:25:00,1217.HK,0.019,0.025,0.018,0.019,6.00M
2018-08-29 15:25:10,1217.HK,0.019,0.025,0.018,0.019,6.00M
2018-08-29 15:25:15,1217.HK,0.019,0.025,0.018,0.019,6.00M
2018-08-29 15:25:22,1217.HK,0.019,0.025,0.018,0.019,6.00M
2018-08-29 15:25:27,1217.HK,0.019,0.025,0.018,0.019,6.00M
2018-08-29 15:25:33,1217.HK,0.019,0.025,0.018,0.019,6.00M
2018-08-29 15:25:36,1217.HK,0.019,0.025,0.018,0.019,6.00M
2018-08-29 15:25:40,1217.HK,0.019,0.025,0.018,0.019,6.00M
2018-08-29 15:25:49,1217.HK,0.019,0.025,0.018,0.019,6.00M
2018-08-29 15:25:53,1217.HK,0.019,0.025,0.018,0.019,6.00M
2018-08-29 15:25:57,1217.HK,0.019,0.025,0.018,0.019,6.00M
2018-08-29 15:26:01,1217.HK,0.019,0.025,0.018,0.019,6.00M
2018-08-29 15:26:11,1217.HK,0.019,0.025,0.018,0.019,6.00M
2018-08-29 15:26:21,1217.HK,0.019,0.025,0.018,0.019,6.00M
2018-08-29 15:26:27,1217.HK,0.019,0.025,0.018,0.019,6.00M
2018-08-29 15:26:33,1217.HK,0.019,0.025,0.018,0.019,6.00M
2018-08-29 15:26:38,1217.HK,0.019,0.025,0.018,0.019,6.00M
2018-08-29 15:26:43,1217.HK,0.019,0.025,0.018,0.019,6.00M
2018-08-29 15:26:49,1217.HK,0.019,0.025,0.018,0.019,6.00M
2018-08-29 15:26:53,1217.HK,0.019,0.025,0.018,0.019,6.00M
2018-08-29 15:26:56,1217.HK,0.019,0.025,0.018,0.019,6.00M
2018-08-29 15:26:58,1217.HK,0.019,0.025,0.018,0.019,6.00M
2018-08-29 15:27:02,1217.HK,0.019,0.025,0.018,0.019,6.00M
2018-08-29 15:27:05,1217.HK,0.019,0.025,0.018,0.019,6.00M
2018-08-29 15:27:14,1217.HK,0.019,0.025,0.018,0.019,6.00M
2018-08-29 15:27:20,1217.HK,0.019,0.025,0.018,0.019,6.00M
2018-08-29 15:27:25,1217.HK,0.019,0.025,0.018,0.019,6.00M
2018-08-29 15:27:28,1217.HK,0.019,0.025,0.018,0.019,6.00M
2018-08-29 15:27:30,1217.HK,0.019,0.025,0.018,0.019,6.00M
2018-08-29 15:27:33,1217.HK,0.019,0.025,0.018,0.019,6.00M
2018-08-29 15:27:35,1217.HK,0.019,0.025,0.018,0.019,6.00M
2018-08-29 15:27:39,1217.HK,0.019,0.025,0.018,0.019,6.00M
2018-08-29 15:27:43,1217.HK,0.019,0.025,0.018,0.019,6.00M
2018-08-29 15:27:46,1217.HK,0.019,0.025,0.018,0.019,6.00M
2018-08-29 15:27:48,1217.HK,0.019,0.025,0.018,0.019,6.00M
2018-08-29 15:27:51,1217.HK,0.019,0.025,0.018,0.019,6.00M
2018-08-29 15:27:56,1217.HK,0.019,0.025,0.018,0.019,6.00M
2018-08-29 15:27:59,1217.HK,0.019,0.025,0.018,0.019,6.00M
2018-08-29 15:28:03,1217.HK,0.019,0.025,0.018,0.019,6.00M
2018-08-29 15:28:17,1217.HK,0.019,0.025,0.018,0.019,6.00M
2018-08-29 15:28:25,1217.HK,0.019,0.025,0.018,0.019,6.00M
2018-08-29 15:28:30,1217.HK,0.019,0.025,0.018,0.019,6.00M
2018-08-29 15:28:34,1217.HK,0.019,0.025,0.018,0.019,6.00M
2018-08-29 15:28:38,1217.HK,0.019,0.025,0.018,0.019,6.00M
2018-08-29 15:28:41,1217.HK,0.019,0.025,0.018,0.019,6.00M
2018-08-29 15:28:47,1217.HK,0.019,0.025,0.018,0.019,6.00M
2018-08-29 15:28:50,1217.HK,0.019,0.025,0.018,0.019,6.00M
2018-08-29 15:28:56,1217.HK,0.019,0.025,0.018,0.019,6.00M
2018-08-29 15:29:01,1217.HK,0.019,0.025,0.018,0.019,6.00M
2018-08-29 15:29:06,1217.HK,0.019,0.025,0.018,0.019,6.00M
2018-08-29 15:29:10,1217.HK,0.019,0.025,0.018,0.019,6.00M
2018-08-29 15:29:14,1217.HK,0.019,0.025,0.018,0.019,6.00M
2018-08-29 15:29:23,1217.HK,0.019,0.025,0.018,0.019,6.00M
2018-08-29 15:29:26,1217.HK,0.019,0.025,0.018,0.019,6.00M
2018-08-29 15:29:33,1217.HK,0.019,0.025,0.018,0.019,6.00M
2018-08-29 15:29:40,1217.HK,0.019,0.025,0.018,0.019,6.00M
2018-08-29 15:29:49,1217.HK,0.019,0.025,0.018,0.019,6.00M
2018-08-29 15:29:53,1217.HK,0.019,0.025,0.018,0.019,6.00M
2018-08-29 15:30:01,1217.HK,0.019,0.025,0.018,0.019,6.00M
2018-08-29 15:30:12,1217.HK,0.019,0.025,0.018,0.019,6.00M
2018-08-29 15:30:19,1217.HK,0.019,0.025,0.018,0.019,6.00M
2018-08-29 15:30:24,1217.HK,0.019,0.025,0.018,0.019,6.00M
2018-08-29 15:30:27,1217.HK,0.019,0.025,0.018,0.019,6.00M
2018-08-29 15:30:30,1217.HK,0.019,0.025,0.018,0.019,6.00M
2018-08-29 15:30:33,1217.HK,0.019,0.025,0.018,0.019,6.00M
2018-08-29 15:30:36,1217.HK,0.019,0.025,0.018,0.019,6.00M
2018-08-29 15:30:39,1217.HK,0.019,0.025,0.018,0.019,6.00M
2018-08-29 15:30:45,1217.HK,0.019,0.025,0.018,0.019,6.00M
2018-08-29 15:30:49,1217.HK,0.019,0.025,0.018,0.019,6.00M
2018-08-29 15:30:52,1217.HK,0.019,0.025,0.018,0.019,6.00M
2018-08-29 15:30:55,1217.HK,0.019,0.025,0.018,0.019,6.00M
2018-08-29 15:30:59,1217.HK,0.019,0.025,0.018,0.019,6.00M
2018-08-29 15:31:03,1217.HK,0.019,0.025,0.018,0.019,6.00M
2018-08-29 15:31:06,1217.HK,0.019,0.025,0.018,0.019,6.00M
2018-08-29 15:31:09,1217.HK,0.019,0.025,0.018,0.019,6.00M
2018-08-29 15:31:14,1217.HK,0.019,0.025,0.018,0.019,6.00M
2018-08-29 15:31:22,1217.HK,0.019,0.025,0.018,0.019,6.00M
2018-08-29 15:31:26,1217.HK,0.019,0.025,0.018,0.019,6.00M
2018-08-29 15:31:28,1217.HK,0.019,0.025,0.018,0.019,6.00M
2018-08-29 15:31:30,1217.HK,0.019,0.025,0.018,0.019,6.00M
2018-08-29 15:31:34,1217.HK,0.019,0.025,0.018,0.019,6.00M
2018-08-29 15:31:37,1217.HK,0.019,0.025,0.018,0.019,6.00M
2018-08-29 15:31:42,1217.HK,0.019,0.025,0.018,0.019,6.00M
2018-08-29 15:31:45,1217.HK,0.019,0.025,0.018,0.019,6.00M
2018-08-29 15:31:48,1217.HK,0.019,0.025,0.018,0.019,6.00M
2018-08-29 15:31:50,1217.HK,0.019,0.025,0.018,0.019,6.00M
2018-08-29 15:31:55,1217.HK,0.019,0.025,0.018,0.019,6.00M
2018-08-29 15:32:00,1217.HK,0.019,0.025,0.018,0.019,6.00M
2018-08-29 15:32:04,1217.HK,0.019,0.025,0.018,0.019,6.00M
2018-08-29 15:32:09,1217.HK,0.019,0.025,0.018,0.019,6.00M
2018-08-29 15:32:20,1217.HK,0.019,0.025,0.018,0.019,6.00M
2018-08-29 15:32:25,1217.HK,0.019,0.025,0.018,0.019,6.00M
2018-08-29 15:32:29,1217.HK,0.019,0.025,0.018,0.019,6.00M
2018-08-29 15:32:34,1217.HK,0.019,0.025,0.018,0.019,6.00M
2018-08-29 15:32:42,1217.HK,0.019,0.025,0.018,0.019,6.00M
2018-08-29 15:32:47,1217.HK,0.019,0.025,0.018,0.019,6.00M
2018-08-29 15:32:50,1217.HK,0.019,0.025,0.018,0.019,6.00M
2018-08-29 15:32:52,1217.HK,0.019,0.025,0.018,0.019,6.00M
2018-08-29 15:32:56,1217.HK,0.019,0.025,0.018,0.019,6.00M
2018-08-29 15:32:59,1217.HK,0.019,0.025,0.018,0.019,6.00M
2018-08-29 15:33:03,1217.HK,0.019,0.025,0.018,0.019,6.00M
2018-08-29 15:33:07,1217.HK,0.019,0.025,0.018,0.019,6.00M
2018-08-29 15:33:11,1217.HK,0.019,0.025,0.018,0.019,6.00M
2018-08-29 15:33:15,1217.HK,0.019,0.025,0.018,0.019,6.00M
2018-08-29 15:33:23,1217.HK,0.019,0.025,0.018,0.019,6.00M
2018-08-29 15:33:25,1217.HK,0.019,0.025,0.018,0.019,6.00M
2018-08-29 15:33:31,1217.HK,0.019,0.025,0.018,0.019,6.00M
2018-08-29 15:33:35,1217.HK,0.019,0.025,0.018,0.019,6.00M
2018-08-29 15:33:38,1217.HK,0.019,0.025,0.018,0.019,6.00M
2018-08-29 15:33:43,1217.HK,0.019,0.025,0.018,0.019,6.00M
2018-08-29 15:33:47,1217.HK,0.019,0.025,0.018,0.019,6.00M
2018-08-29 15:33:50,1217.HK,0.019,0.025,0.018,0.019,6.00M
2018-08-29 15:33:56,1217.HK,0.019,0.025,0.018,0.019,6.00M
2018-08-29 15:34:00,1217.HK,0.019,0.025,0.018,0.019,6.00M
2018-08-29 15:34:04,1217.HK,0.019,0.025,0.018,0.019,6.00M
2018-08-29 15:34:15,1217.HK,0.019,0.025,0.018,0.019,6.00M
2018-08-29 15:34:18,1217.HK,0.019,0.025,0.018,0.019,6.00M
2018-08-29 15:34:21,1217.HK,0.019,0.025,0.018,0.019,6.00M
2018-08-29 15:34:25,1217.HK,0.019,0.025,0.018,0.019,6.00M
2018-08-29 15:34:29,1217.HK,0.019,0.025,0.018,0.019,6.00M
2018-08-29 15:34:32,1217.HK,0.019,0.025,0.018,0.019,6.00M
2018-08-29 15:34:35,1217.HK,0.019,0.025,0.018,0.019,6.00M
2018-08-29 15:34:38,1217.HK,0.019,0.025,0.018,0.019,6.00M
2018-08-29 15:34:42,1217.HK,0.019,0.025,0.018,0.019,6.00M
2018-08-29 15:34:45,1217.HK,0.019,0.025,0.018,0.019,6.00M
2018-08-29 15:34:49,1217.HK,0.019,0.025,0.018,0.019,6.00M
2018-08-29 15:34:52,1217.HK,0.019,0.025,0.018,0.019,6.00M
2018-08-29 15:34:56,1217.HK,0.019,0.025,0.018,0.019,6.00M
2018-08-29 15:35:00,1217.HK,0.019,0.025,0.018,0.019,6.00M
2018-08-29 15:35:04,1217.HK,0.019,0.025,0.018,0.019,6.00M
2018-08-29 15:35:07,1217.HK,0.019,0.025,0.018,0.019,6.00M
2018-08-29 15:35:08,1217.HK,0.019,0.025,0.018,0.019,6.00M
2018-08-29 15:35:14,1217.HK,0.019,0.025,0.018,0.019,6.00M
2018-08-29 15:35:25,1217.HK,0.019,0.025,0.018,0.019,6.00M
2018-08-29 15:35:28,1217.HK,0.019,0.025,0.018,0.019,6.00M
2018-08-29 15:35:32,1217.HK,0.019,0.025,0.018,0.019,6.00M
2018-08-29 15:35:35,1217.HK,0.019,0.025,0.018,0.019,6.00M
2018-08-29 15:35:39,1217.HK,0.019,0.025,0.018,0.019,6.00M
2018-08-29 15:35:42,1217.HK,0.019,0.025,0.018,0.019,6.00M
2018-08-29 15:35:47,1217.HK,0.019,0.025,0.018,0.019,6.00M
2018-08-29 15:35:52,1217.HK,0.019,0.025,0.018,0.019,6.00M
2018-08-29 15:35:55,1217.HK,0.019,0.025,0.018,0.019,6.00M
2018-08-29 15:35:58,1217.HK,0.019,0.025,0.018,0.019,6.00M
2018-08-29 15:36:03,1217.HK,0.019,0.025,0.018,0.019,6.00M
2018-08-29 15:36:11,1217.HK,0.019,0.025,0.018,0.019,6.00M
2018-08-29 15:36:14,1217.HK,0.019,0.025,0.018,0.019,6.00M
2018-08-29 15:36:17,1217.HK,0.019,0.025,0.018,0.019,6.00M
2018-08-29 15:36:21,1217.HK,0.019,0.025,0.018,0.019,6.00M
2018-08-29 15:36:24,1217.HK,0.019,0.025,0.018,0.019,6.00M
2018-08-29 15:36:26,1217.HK,0.019,0.025,0.018,0.019,6.00M
2018-08-29 15:36:29,1217.HK,0.019,0.025,0.018,0.019,6.00M
2018-08-29 15:36:33,1217.HK,0.019,0.025,0.018,0.019,6.00M
2018-08-29 15:36:36,1217.HK,0.019,0.025,0.018,0.019,6.00M
2018-08-29 15:36:39,1217.HK,0.019,0.025,0.018,0.019,6.00M
2018-08-29 15:36:42,1217.HK,0.019,0.025,0.018,0.019,6.00M
2018-08-29 15:36:45,1217.HK,0.019,0.025,0.018,0.019,6.00M
2018-08-29 15:36:48,1217.HK,0.019,0.025,0.018,0.019,6.00M
2018-08-29 15:36:50,1217.HK,0.019,0.025,0.018,0.019,6.00M
2018-08-29 15:36:54,1217.HK,0.019,0.025,0.018,0.019,6.00M
2018-08-29 15:36:57,1217.HK,0.019,0.025,0.018,0.019,6.00M
2018-08-29 15:37:03,1217.HK,0.019,0.025,0.018,0.019,6.00M
2018-08-29 15:37:07,1217.HK,0.019,0.025,0.018,0.019,6.00M
2018-08-29 15:37:14,1217.HK,0.019,0.025,0.018,0.019,6.00M
2018-08-29 15:37:17,1217.HK,0.019,0.025,0.018,0.019,6.00M
2018-08-29 15:37:20,1217.HK,0.019,0.025,0.018,0.019,6.00M
2018-08-29 15:37:25,1217.HK,0.019,0.025,0.018,0.019,6.00M
2018-08-29 15:37:32,1217.HK,0.019,0.025,0.018,0.019,6.00M
2018-08-29 15:37:36,1217.HK,0.019,0.025,0.018,0.019,6.00M
2018-08-29 15:37:40,1217.HK,0.019,0.025,0.018,0.019,6.00M
2018-08-29 15:37:44,1217.HK,0.019,0.025,0.018,0.019,6.00M
2018-08-29 15:37:48,1217.HK,0.019,0.025,0.018,0.019,6.00M
2018-08-29 15:37:52,1217.HK,0.019,0.025,0.018,0.019,6.00M
2018-08-29 15:37:56,1217.HK,0.019,0.025,0.018,0.019,6.00M
2018-08-29 15:38:00,1217.HK,0.019,0.025,0.018,0.019,6.00M
2018-08-29 15:38:06,1217.HK,0.019,0.025,0.018,0.019,6.00M
2018-08-29 15:38:16,1217.HK,0.019,0.025,0.018,0.019,6.00M
2018-08-29 15:38:21,1217.HK,0.019,0.025,0.018,0.019,6.00M
2018-08-29 15:38:26,1217.HK,0.019,0.025,0.018,0.019,6.00M
2018-08-29 15:38:30,1217.HK,0.019,0.025,0.018,0.019,6.00M
2018-08-29 15:38:34,1217.HK,0.019,0.025,0.018,0.019,6.00M
2018-08-29 15:38:38,1217.HK,0.019,0.025,0.018,0.019,6.00M
2018-08-29 15:38:43,1217.HK,0.019,0.025,0.018,0.019,6.00M
2018-08-29 15:38:47,1217.HK,0.019,0.025,0.018,0.019,6.00M
2018-08-29 15:38:51,1217.HK,0.019,0.025,0.018,0.019,6.00M
2018-08-29 15:38:55,1217.HK,0.019,0.025,0.018,0.019,6.00M
2018-08-29 15:39:02,1217.HK,0.019,0.025,0.018,0.019,6.00M
2018-08-29 15:39:05,1217.HK,0.019,0.025,0.018,0.019,6.00M
2018-08-29 15:39:10,1217.HK,0.019,0.025,0.018,0.019,6.00M
2018-08-29 15:39:17,1217.HK,0.019,0.025,0.018,0.019,6.00M
2018-08-29 15:39:27,1217.HK,0.019,0.025,0.018,0.019,6.00M
2018-08-29 15:39:31,1217.HK,0.019,0.025,0.018,0.019,6.00M
2018-08-29 15:39:36,1217.HK,0.019,0.025,0.018,0.019,6.00M
2018-08-29 15:39:41,1217.HK,0.019,0.025,0.018,0.019,6.00M
2018-08-29 15:39:45,1217.HK,0.019,0.025,0.018,0.019,6.00M
2018-08-29 15:39:48,1217.HK,0.019,0.025,0.018,0.019,6.00M
2018-08-29 15:39:54,1217.HK,0.019,0.025,0.018,0.019,6.00M
2018-08-29 15:40:03,1217.HK,0.019,0.025,0.018,0.019,6.00M
2018-08-29 15:40:10,1217.HK,0.019,0.025,0.018,0.019,6.00M
2018-08-29 15:40:18,1217.HK,0.019,0.025,0.018,0.019,6.00M
2018-08-29 15:40:22,1217.HK,0.019,0.025,0.018,0.019,6.00M
2018-08-29 15:40:27,1217.HK,0.019,0.025,0.018,0.019,6.00M
2018-08-29 15:40:31,1217.HK,0.019,0.025,0.018,0.019,6.00M
2018-08-29 15:40:34,1217.HK,0.019,0.025,0.018,0.019,6.00M
2018-08-29 15:40:38,1217.HK,0.019,0.025,0.018,0.019,6.00M
2018-08-29 15:40:41,1217.HK,0.019,0.025,0.018,0.019,6.00M
2018-08-29 15:40:44,1217.HK,0.019,0.025,0.018,0.019,6.00M
2018-08-29 15:40:48,1217.HK,0.019,0.025,0.018,0.019,6.00M
2018-08-29 15:40:54,1217.HK,0.019,0.025,0.018,0.019,6.00M
2018-08-29 15:40:58,1217.HK,0.019,0.025,0.018,0.019,6.00M
2018-08-29 15:41:04,1217.HK,0.019,0.025,0.018,0.019,6.00M
2018-08-29 15:41:11,1217.HK,0.019,0.025,0.018,0.019,6.00M
2018-08-29 15:41:14,1217.HK,0.019,0.025,0.018,0.019,6.00M
2018-08-29 15:41:17,1217.HK,0.019,0.025,0.018,0.019,6.00M
2018-08-29 15:41:21,1217.HK,0.019,0.025,0.018,0.019,6.00M
2018-08-29 15:41:28,1217.HK,0.019,0.025,0.018,0.019,6.00M
2018-08-29 15:41:33,1217.HK,0.019,0.025,0.018,0.019,6.00M
2018-08-29 15:41:37,1217.HK,0.019,0.025,0.018,0.019,6.00M
2018-08-29 15:41:44,1217.HK,0.019,0.025,0.018,0.019,6.00M
2018-08-29 15:41:48,1217.HK,0.019,0.025,0.018,0.019,6.00M
2018-08-29 15:41:54,1217.HK,0.019,0.025,0.018,0.019,6.00M
2018-08-29 15:41:57,1217.HK,0.019,0.025,0.018,0.019,6.00M
2018-08-29 15:42:09,1217.HK,0.019,0.025,0.018,0.019,6.00M
2018-08-29 15:42:16,1217.HK,0.019,0.025,0.018,0.019,6.00M
2018-08-29 15:42:19,1217.HK,0.019,0.025,0.018,0.019,6.00M
2018-08-29 15:42:24,1217.HK,0.019,0.025,0.018,0.019,6.00M
2018-08-29 15:42:28,1217.HK,0.019,0.025,0.018,0.019,6.00M
2018-08-29 15:42:31,1217.HK,0.019,0.025,0.018,0.019,6.00M
2018-08-29 15:42:35,1217.HK,0.019,0.025,0.018,0.019,6.00M
2018-08-29 15:42:39,1217.HK,0.019,0.025,0.018,0.019,6.00M
2018-08-29 15:42:43,1217.HK,0.019,0.025,0.018,0.019,6.00M
2018-08-29 15:42:48,1217.HK,0.019,0.025,0.018,0.019,6.00M
2018-08-29 15:42:52,1217.HK,0.019,0.025,0.018,0.019,6.00M
2018-08-29 15:42:57,1217.HK,0.019,0.025,0.018,0.019,6.00M
2018-08-29 15:43:01,1217.HK,0.019,0.025,0.018,0.019,6.00M
2018-08-29 15:43:05,1217.HK,0.019,0.025,0.018,0.019,6.00M
2018-08-29 15:43:09,1217.HK,0.019,0.025,0.018,0.019,6.00M
2018-08-29 15:43:13,1217.HK,0.019,0.025,0.018,0.019,6.00M
2018-08-29 15:43:16,1217.HK,0.019,0.025,0.018,0.019,6.00M
2018-08-29 15:43:19,1217.HK,0.019,0.025,0.018,0.019,6.00M
2018-08-29 15:43:25,1217.HK,0.019,0.025,0.018,0.019,6.00M
2018-08-29 15:43:31,1217.HK,0.019,0.025,0.018,0.019,6.00M
2018-08-29 15:43:35,1217.HK,0.019,0.025,0.018,0.019,6.00M
2018-08-29 15:43:37,1217.HK,0.019,0.025,0.018,0.019,6.00M
2018-08-29 15:43:41,1217.HK,0.019,0.025,0.018,0.019,6.00M
2018-08-29 15:43:45,1217.HK,0.019,0.025,0.018,0.019,6.00M
2018-08-29 15:43:49,1217.HK,0.019,0.025,0.018,0.019,6.00M
2018-08-29 15:43:52,1217.HK,0.019,0.025,0.018,0.019,6.00M
2018-08-29 15:43:56,1217.HK,0.019,0.025,0.018,0.019,6.00M
2018-08-29 15:44:00,1217.HK,0.019,0.025,0.018,0.019,6.00M
2018-08-29 15:44:04,1217.HK,0.019,0.025,0.018,0.019,6.00M
2018-08-29 15:44:10,1217.HK,0.019,0.025,0.018,0.019,6.00M
2018-08-29 15:44:21,1217.HK,0.019,0.025,0.018,0.019,6.00M
2018-08-29 15:44:24,1217.HK,0.019,0.025,0.018,0.019,6.00M
2018-08-29 15:44:27,1217.HK,0.019,0.025,0.018,0.019,6.00M
2018-08-29 15:44:30,1217.HK,0.019,0.025,0.018,0.019,6.00M
2018-08-29 15:44:33,1217.HK,0.019,0.025,0.018,0.019,6.00M
2018-08-29 15:44:36,1217.HK,0.019,0.025,0.018,0.019,6.00M
2018-08-29 15:44:38,1217.HK,0.019,0.025,0.018,0.019,6.00M
2018-08-29 15:44:42,1217.HK,0.019,0.025,0.018,0.019,6.00M
2018-08-29 15:44:46,1217.HK,0.019,0.025,0.018,0.019,6.00M
2018-08-29 15:44:48,1217.HK,0.019,0.025,0.018,0.019,6.00M
2018-08-29 15:44:51,1217.HK,0.019,0.025,0.018,0.019,6.00M
2018-08-29 15:44:54,1217.HK,0.019,0.025,0.018,0.019,6.00M
2018-08-29 15:44:58,1217.HK,0.019,0.025,0.018,0.019,6.00M
2018-08-29 15:45:00,1217.HK,0.019,0.025,0.018,0.019,6.00M
2018-08-29 15:45:04,1217.HK,0.019,0.025,0.018,0.019,6.00M
2018-08-29 15:45:08,1217.HK,0.019,0.025,0.018,0.019,6.00M
2018-08-29 15:45:14,1217.HK,0.019,0.025,0.018,0.019,6.00M
2018-08-29 15:45:18,1217.HK,0.019,0.025,0.018,0.019,6.00M
2018-08-29 15:45:23,1217.HK,0.019,0.025,0.018,0.019,6.00M
2018-08-29 15:45:29,1217.HK,0.019,0.025,0.018,0.019,6.00M
2018-08-29 15:45:33,1217.HK,0.019,0.025,0.018,0.019,6.00M
2018-08-29 15:45:37,1217.HK,0.019,0.025,0.018,0.019,6.00M
2018-08-29 15:45:43,1217.HK,0.019,0.025,0.018,0.019,6.00M
2018-08-29 15:45:49,1217.HK,0.019,0.025,0.018,0.019,6.00M
2018-08-29 15:45:55,1217.HK,0.019,0.025,0.018,0.019,6.00M
2018-08-29 15:45:59,1217.HK,0.019,0.025,0.018,0.019,6.00M
2018-08-29 15:46:08,1217.HK,0.019,0.025,0.018,0.019,6.00M
2018-08-29 15:46:18,1217.HK,0.019,0.025,0.018,0.019,6.00M
2018-08-29 15:46:24,1217.HK,0.019,0.025,0.018,0.019,6.00M
2018-08-29 15:46:30,1217.HK,0.019,0.025,0.018,0.019,6.00M
2018-08-29 15:46:35,1217.HK,0.019,0.025,0.018,0.019,6.00M
2018-08-29 15:46:40,1217.HK,0.019,0.025,0.018,0.019,6.00M
2018-08-29 15:46:45,1217.HK,0.019,0.025,0.018,0.019,6.00M
2018-08-29 15:46:47,1217.HK,0.019,0.025,0.018,0.019,6.00M
2018-08-29 15:46:51,1217.HK,0.019,0.025,0.018,0.019,6.00M
2018-08-29 15:46:57,1217.HK,0.019,0.025,0.018,0.019,6.00M
2018-08-29 15:47:00,1217.HK,0.019,0.025,0.018,0.019,6.00M
2018-08-29 15:47:03,1217.HK,0.019,0.025,0.018,0.019,6.00M
2018-08-29 15:47:06,1217.HK,0.019,0.025,0.018,0.019,6.00M
2018-08-29 15:47:12,1217.HK,0.019,0.025,0.018,0.019,6.00M
2018-08-29 15:47:16,1217.HK,0.019,0.025,0.018,0.019,6.00M
2018-08-29 15:47:25,1217.HK,0.019,0.025,0.018,0.019,6.00M
2018-08-29 15:47:30,1217.HK,0.019,0.025,0.018,0.019,6.00M
2018-08-29 15:47:35,1217.HK,0.019,0.025,0.018,0.019,6.00M
2018-08-29 15:47:39,1217.HK,0.019,0.025,0.018,0.019,6.00M
2018-08-29 15:47:42,1217.HK,0.019,0.025,0.018,0.019,6.00M
2018-08-29 15:47:45,1217.HK,0.019,0.025,0.018,0.019,6.00M
2018-08-29 15:47:47,1217.HK,0.019,0.025,0.018,0.019,6.00M
2018-08-29 15:47:58,1217.HK,0.019,0.025,0.018,0.019,6.00M
2018-08-29 15:48:04,1217.HK,0.019,0.025,0.018,0.019,6.00M
2018-08-29 15:48:09,1217.HK,0.019,0.025,0.018,0.019,6.00M
2018-08-29 15:48:21,1217.HK,0.019,0.025,0.018,0.019,6.00M
2018-08-29 15:48:29,1217.HK,0.019,0.025,0.018,0.019,6.00M
2018-08-29 15:48:32,1217.HK,0.019,0.025,0.018,0.019,6.00M
2018-08-29 15:48:35,1217.HK,0.019,0.025,0.018,0.019,6.00M
2018-08-29 15:48:38,1217.HK,0.019,0.025,0.018,0.019,6.00M
2018-08-29 15:48:41,1217.HK,0.019,0.025,0.018,0.019,6.00M
2018-08-29 15:48:44,1217.HK,0.019,0.025,0.018,0.019,6.00M
2018-08-29 15:48:48,1217.HK,0.019,0.025,0.018,0.019,6.00M
2018-08-29 15:48:53,1217.HK,0.019,0.025,0.018,0.019,6.00M
2018-08-29 15:48:57,1217.HK,0.019,0.025,0.018,0.019,6.00M
2018-08-29 15:49:01,1217.HK,0.019,0.025,0.018,0.019,6.00M
2018-08-29 15:49:04,1217.HK,0.019,0.025,0.018,0.019,6.00M
2018-08-29 15:49:08,1217.HK,0.019,0.025,0.018,0.019,6.00M
2018-08-29 15:49:11,1217.HK,0.019,0.025,0.018,0.019,6.00M
2018-08-29 15:49:15,1217.HK,0.019,0.025,0.018,0.019,6.00M
2018-08-29 15:49:18,1217.HK,0.019,0.025,0.018,0.019,6.00M
2018-08-29 15:49:22,1217.HK,0.019,0.025,0.018,0.019,6.00M
2018-08-29 15:49:25,1217.HK,0.019,0.025,0.018,0.019,6.00M
2018-08-29 15:49:28,1217.HK,0.019,0.025,0.018,0.019,6.00M
2018-08-29 15:49:32,1217.HK,0.019,0.025,0.018,0.019,6.00M
2018-08-29 15:49:36,1217.HK,0.019,0.025,0.018,0.019,6.00M
2018-08-29 15:49:39,1217.HK,0.019,0.025,0.018,0.019,6.00M
2018-08-29 15:49:43,1217.HK,0.019,0.025,0.018,0.019,6.00M
2018-08-29 15:49:49,1217.HK,0.019,0.025,0.018,0.019,6.00M
2018-08-29 15:49:55,1217.HK,0.019,0.025,0.018,0.019,6.00M
2018-08-29 15:50:05,1217.HK,0.019,0.025,0.018,0.019,6.00M
2018-08-29 15:50:15,1217.HK,0.019,0.025,0.018,0.019,6.00M
2018-08-29 15:50:24,1217.HK,0.019,0.025,0.018,0.019,6.00M
2018-08-29 15:50:31,1217.HK,0.019,0.025,0.018,0.019,6.00M
2018-08-29 15:50:35,1217.HK,0.019,0.025,0.018,0.019,6.00M
2018-08-29 15:50:38,1217.HK,0.019,0.025,0.018,0.019,6.00M
2018-08-29 15:50:41,1217.HK,0.019,0.025,0.018,0.019,6.00M
2018-08-29 15:50:45,1217.HK,0.019,0.025,0.018,0.019,6.00M
2018-08-29 15:50:49,1217.HK,0.019,0.025,0.018,0.019,6.00M
2018-08-29 15:50:52,1217.HK,0.019,0.025,0.018,0.019,6.00M
2018-08-29 15:50:56,1217.HK,0.019,0.025,0.018,0.019,6.00M
2018-08-29 15:51:00,1217.HK,0.019,0.025,0.018,0.019,6.00M
2018-08-29 15:51:03,1217.HK,0.019,0.025,0.018,0.019,6.00M
2018-08-29 15:51:10,1217.HK,0.019,0.025,0.018,0.019,6.00M
2018-08-29 15:51:21,1217.HK,0.019,0.025,0.018,0.019,6.00M
2018-08-29 15:51:28,1217.HK,0.019,0.025,0.018,0.019,6.00M
2018-08-29 15:51:32,1217.HK,0.019,0.025,0.018,0.019,6.00M
2018-08-29 15:51:35,1217.HK,0.019,0.025,0.018,0.019,6.00M
2018-08-29 15:51:39,1217.HK,0.019,0.025,0.018,0.019,6.00M
2018-08-29 15:51:43,1217.HK,0.019,0.025,0.018,0.019,6.00M
2018-08-29 15:51:46,1217.HK,0.019,0.025,0.018,0.019,6.00M
2018-08-29 15:51:50,1217.HK,0.019,0.025,0.018,0.019,6.00M
2018-08-29 15:51:53,1217.HK,0.019,0.025,0.018,0.019,6.00M
2018-08-29 15:51:56,1217.HK,0.019,0.025,0.018,0.019,6.00M
2018-08-29 15:52:01,1217.HK,0.019,0.025,0.018,0.019,6.00M
2018-08-29 15:52:05,1217.HK,0.019,0.025,0.018,0.019,6.00M
2018-08-29 15:52:11,1217.HK,0.019,0.025,0.018,0.019,6.00M
2018-08-29 15:52:23,1217.HK,0.019,0.025,0.018,0.019,6.00M
2018-08-29 15:52:27,1217.HK,0.019,0.025,0.018,0.019,6.00M
2018-08-29 15:52:31,1217.HK,0.019,0.025,0.018,0.019,6.00M
2018-08-29 15:52:37,1217.HK,0.019,0.025,0.018,0.019,6.00M
2018-08-29 15:52:41,1217.HK,0.019,0.025,0.018,0.019,6.00M
2018-08-29 15:52:46,1217.HK,0.019,0.025,0.018,0.019,6.00M
2018-08-29 15:52:50,1217.HK,0.019,0.025,0.018,0.019,6.00M
2018-08-29 15:52:53,1217.HK,0.019,0.025,0.018,0.019,6.00M
2018-08-29 15:52:57,1217.HK,0.019,0.025,0.018,0.019,6.00M
2018-08-29 15:53:04,1217.HK,0.019,0.025,0.018,0.019,6.00M
2018-08-29 15:53:18,1217.HK,0.019,0.025,0.018,0.019,6.00M
2018-08-29 15:53:26,1217.HK,0.019,0.025,0.018,0.019,6.00M
2018-08-29 15:53:30,1217.HK,0.019,0.025,0.018,0.019,6.00M
2018-08-29 15:53:33,1217.HK,0.019,0.025,0.018,0.019,6.00M
2018-08-29 15:53:37,1217.HK,0.019,0.025,0.018,0.019,6.00M
2018-08-29 15:53:41,1217.HK,0.019,0.025,0.018,0.019,6.00M
2018-08-29 15:53:47,1217.HK,0.019,0.025,0.018,0.019,6.00M
2018-08-29 15:53:53,1217.HK,0.019,0.025,0.018,0.019,6.00M
2018-08-29 15:54:04,1217.HK,0.019,0.025,0.018,0.019,6.00M
2018-08-29 15:54:14,1217.HK,0.019,0.025,0.018,0.019,6.00M
2018-08-29 15:54:18,1217.HK,0.019,0.025,0.018,0.019,6.00M
2018-08-29 15:54:22,1217.HK,0.019,0.025,0.018,0.019,6.00M
2018-08-29 15:54:26,1217.HK,0.019,0.025,0.018,0.019,6.00M
2018-08-29 15:54:32,1217.HK,0.019,0.025,0.018,0.019,6.00M
2018-08-29 15:54:37,1217.HK,0.019,0.025,0.018,0.019,6.00M
2018-08-29 15:54:40,1217.HK,0.019,0.025,0.018,0.019,6.00M
2018-08-29 15:54:47,1217.HK,0.019,0.025,0.018,0.019,6.00M
2018-08-29 15:54:51,1217.HK,0.019,0.025,0.018,0.019,6.00M
2018-08-29 15:54:57,1217.HK,0.019,0.025,0.018,0.019,6.00M
2018-08-29 15:55:01,1217.HK,0.019,0.025,0.018,0.019,6.00M
2018-08-29 15:55:05,1217.HK,0.019,0.025,0.018,0.019,6.00M
2018-08-29 15:55:08,1217.HK,0.019,0.025,0.018,0.019,6.00M
2018-08-29 15:55:17,1217.HK,0.019,0.025,0.018,0.019,6.00M
2018-08-29 15:55:19,1217.HK,0.019,0.025,0.018,0.019,6.00M
2018-08-29 15:55:22,1217.HK,0.019,0.025,0.018,0.019,6.00M
2018-08-29 15:55:33,1217.HK,0.019,0.025,0.018,0.019,6.00M
2018-08-29 15:55:36,1217.HK,0.019,0.025,0.018,0.019,6.00M
2018-08-29 15:55:40,1217.HK,0.019,0.025,0.018,0.019,6.00M
2018-08-29 15:55:44,1217.HK,0.019,0.025,0.018,0.019,6.00M
2018-08-29 15:55:48,1217.HK,0.019,0.025,0.018,0.019,6.00M
2018-08-29 15:55:52,1217.HK,0.019,0.025,0.018,0.019,6.00M
2018-08-29 15:55:55,1217.HK,0.019,0.025,0.018,0.019,6.00M
2018-08-29 15:55:59,1217.HK,0.019,0.025,0.018,0.019,6.00M
2018-08-29 15:56:02,1217.HK,0.019,0.025,0.018,0.019,6.00M
2018-08-29 15:56:06,1217.HK,0.019,0.025,0.018,0.019,6.00M
2018-08-29 15:56:12,1217.HK,0.019,0.025,0.018,0.019,6.00M
2018-08-29 15:56:18,1217.HK,0.019,0.025,0.018,0.019,6.00M
2018-08-29 15:56:23,1217.HK,0.019,0.025,0.018,0.019,6.00M
2018-08-29 15:56:28,1217.HK,0.019,0.025,0.018,0.019,6.00M
2018-08-29 15:56:32,1217.HK,0.019,0.025,0.018,0.019,6.00M
2018-08-29 15:56:36,1217.HK,0.019,0.025,0.018,0.019,6.00M
2018-08-29 15:56:38,1217.HK,0.019,0.025,0.018,0.019,6.00M
2018-08-29 15:56:42,1217.HK,0.019,0.025,0.018,0.019,6.00M
2018-08-29 15:56:46,1217.HK,0.019,0.025,0.018,0.019,6.00M
2018-08-29 15:56:49,1217.HK,0.019,0.025,0.018,0.019,6.00M
2018-08-29 15:56:54,1217.HK,0.019,0.025,0.018,0.019,6.00M
2018-08-29 15:56:58,1217.HK,0.019,0.025,0.018,0.019,6.00M
2018-08-29 15:57:01,1217.HK,0.019,0.025,0.018,0.019,6.00M
2018-08-29 15:57:03,1217.HK,0.019,0.025,0.018,0.019,6.00M
2018-08-29 15:57:06,1217.HK,0.019,0.025,0.018,0.019,6.00M
2018-08-29 15:57:09,1217.HK,0.019,0.025,0.018,0.019,6.00M
2018-08-29 15:57:16,1217.HK,0.019,0.025,0.018,0.019,6.00M
2018-08-29 15:57:23,1217.HK,0.019,0.025,0.018,0.019,6.00M
2018-08-29 15:57:27,1217.HK,0.019,0.025,0.018,0.019,6.00M
2018-08-29 15:57:31,1217.HK,0.019,0.025,0.018,0.019,6.00M
2018-08-29 15:57:34,1217.HK,0.019,0.025,0.018,0.019,6.00M
2018-08-29 15:57:38,1217.HK,0.019,0.025,0.018,0.019,6.00M
2018-08-29 15:57:41,1217.HK,0.019,0.025,0.018,0.019,6.00M
2018-08-29 15:57:46,1217.HK,0.019,0.025,0.018,0.019,6.00M
2018-08-29 15:57:54,1217.HK,0.019,0.025,0.018,0.019,6.00M
2018-08-29 15:58:01,1217.HK,0.019,0.025,0.018,0.019,6.00M
2018-08-29 15:58:09,1217.HK,0.019,0.025,0.018,0.019,6.00M
2018-08-29 15:58:18,1217.HK,0.019,0.025,0.018,0.019,6.00M
2018-08-29 15:58:25,1217.HK,0.019,0.025,0.018,0.019,6.00M
2018-08-29 15:58:27,1217.HK,0.019,0.025,0.018,0.019,6.00M
2018-08-29 15:58:32,1217.HK,0.019,0.025,0.018,0.019,6.00M
2018-08-29 15:58:36,1217.HK,0.019,0.025,0.018,0.019,6.00M
2018-08-29 15:58:42,1217.HK,0.019,0.025,0.018,0.019,6.00M
2018-08-29 15:58:45,1217.HK,0.019,0.025,0.018,0.019,6.00M
2018-08-29 15:58:48,1217.HK,0.019,0.025,0.018,0.019,6.00M
2018-08-29 15:58:51,1217.HK,0.019,0.025,0.018,0.019,6.00M
2018-08-29 15:58:54,1217.HK,0.019,0.025,0.018,0.019,6.00M
2018-08-29 15:58:57,1217.HK,0.019,0.025,0.018,0.019,6.00M
2018-08-29 15:59:00,1217.HK,0.019,0.025,0.018,0.019,6.00M
2018-08-29 15:59:05,1217.HK,0.019,0.025,0.018,0.019,6.00M
2018-08-29 15:59:18,1217.HK,0.019,0.025,0.018,0.019,6.00M
2018-08-29 15:59:30,1217.HK,0.019,0.025,0.018,0.019,6.00M
2018-08-29 15:59:39,1217.HK,0.019,0.025,0.018,0.019,6.00M
2018-08-29 15:59:44,1217.HK,0.019,0.025,0.018,0.019,6.00M
2018-08-29 15:59:48,1217.HK,0.019,0.025,0.018,0.019,6.00M
2018-08-29 15:59:50,1217.HK,0.019,0.025,0.018,0.019,6.00M
2018-08-29 15:59:58,1217.HK,0.019,0.025,0.018,0.019,6.00M
2018-08-29 16:00:02,1217.HK,0.019,0.025,0.018,0.019,6.00M
2018-08-29 16:00:16,1217.HK,0.019,0.025,0.018,0.019,6.00M
2018-08-29 16:00:26,1217.HK,0.019,0.025,0.018,0.019,6.00M
2018-08-29 16:00:29,1217.HK,0.019,0.025,0.018,0.019,6.00M
2018-08-29 16:00:34,1217.HK,0.019,0.025,0.018,0.019,6.00M
2018-08-29 16:00:38,1217.HK,0.019,0.025,0.018,0.019,6.00M
2018-08-29 16:00:42,1217.HK,0.019,0.025,0.018,0.019,6.00M
2018-08-29 16:00:49,1217.HK,0.019,0.025,0.018,0.019,6.00M
2018-08-29 16:00:54,1217.HK,0.019,0.025,0.018,0.019,6.00M
2018-08-29 16:00:57,1217.HK,0.019,0.025,0.018,0.019,6.00M
2018-08-29 16:01:00,1217.HK,0.019,0.025,0.018,0.019,6.00M
2018-08-29 16:01:06,1217.HK,0.019,0.025,0.018,0.019,6.00M
2018-08-29 16:01:10,1217.HK,0.019,0.025,0.018,0.019,6.00M
2018-08-29 16:01:17,1217.HK,0.019,0.025,0.018,0.019,6.00M
2018-08-29 16:01:22,1217.HK,0.019,0.025,0.018,0.019,6.00M
2018-08-29 16:01:26,1217.HK,0.019,0.025,0.018,0.019,6.00M
2018-08-29 16:01:31,1217.HK,0.019,0.025,0.018,0.019,6.00M
2018-08-29 16:01:34,1217.HK,0.019,0.025,0.018,0.019,6.00M
2018-08-29 16:01:37,1217.HK,0.019,0.025,0.018,0.019,6.00M
2018-08-29 16:01:41,1217.HK,0.019,0.025,0.018,0.019,6.00M
2018-08-29 16:01:46,1217.HK,0.019,0.025,0.018,0.019,6.00M
2018-08-29 16:01:49,1217.HK,0.019,0.025,0.018,0.019,6.00M
2018-08-29 16:01:54,1217.HK,0.019,0.025,0.018,0.019,6.00M
2018-08-29 16:01:59,1217.HK,0.019,0.025,0.018,0.019,6.00M
2018-08-29 16:02:11,1217.HK,0.019,0.025,0.018,0.019,6.00M
2018-08-29 16:02:16,1217.HK,0.019,0.025,0.018,0.019,6.00M
2018-08-29 16:02:21,1217.HK,0.019,0.025,0.018,0.019,6.00M
2018-08-29 16:02:25,1217.HK,0.019,0.025,0.018,0.019,6.00M
2018-08-29 16:02:28,1217.HK,0.019,0.025,0.018,0.019,6.00M
2018-08-29 16:02:32,1217.HK,0.019,0.025,0.018,0.019,6.00M
2018-08-29 16:02:35,1217.HK,0.019,0.025,0.018,0.019,6.00M
2018-08-29 16:02:39,1217.HK,0.019,0.025,0.018,0.019,6.00M
2018-08-29 16:02:42,1217.HK,0.019,0.025,0.018,0.019,6.00M
2018-08-29 16:02:44,1217.HK,0.019,0.025,0.018,0.019,6.00M
2018-08-29 16:02:47,1217.HK,0.019,0.025,0.018,0.019,6.00M
2018-08-29 16:02:50,1217.HK,0.019,0.025,0.018,0.019,6.00M
2018-08-29 16:02:53,1217.HK,0.019,0.025,0.018,0.019,6.00M
2018-08-29 16:02:56,1217.HK,0.019,0.025,0.018,0.019,6.00M
2018-08-29 16:03:00,1217.HK,0.019,0.025,0.018,0.019,6.00M
2018-08-29 16:03:04,1217.HK,0.019,0.025,0.018,0.019,6.00M
2018-08-29 16:03:07,1217.HK,0.019,0.025,0.018,0.019,6.00M
2018-08-29 16:03:13,1217.HK,0.019,0.025,0.018,0.019,6.00M
2018-08-29 16:03:20,1217.HK,0.019,0.025,0.018,0.019,6.00M
2018-08-29 16:03:27,1217.HK,0.019,0.025,0.018,0.019,6.00M
2018-08-29 16:03:34,1217.HK,0.019,0.025,0.018,0.019,6.00M
2018-08-29 16:03:37,1217.HK,0.019,0.025,0.018,0.019,6.00M
2018-08-29 16:03:41,1217.HK,0.019,0.025,0.018,0.019,6.00M
2018-08-29 16:03:44,1217.HK,0.019,0.025,0.018,0.019,6.00M
2018-08-29 16:03:47,1217.HK,0.019,0.025,0.018,0.019,6.00M
2018-08-29 16:03:51,1217.HK,0.019,0.025,0.018,0.019,6.00M
2018-08-29 16:03:57,1217.HK,0.019,0.025,0.018,0.019,6.00M
2018-08-29 16:04:02,1217.HK,0.019,0.025,0.018,0.019,6.00M
2018-08-29 16:04:09,1217.HK,0.019,0.025,0.018,0.019,6.00M
2018-08-29 16:04:13,1217.HK,0.019,0.025,0.018,0.019,6.00M
2018-08-29 16:04:19,1217.HK,0.019,0.025,0.018,0.019,6.00M
2018-08-29 16:04:24,1217.HK,0.019,0.025,0.018,0.019,6.00M
2018-08-29 16:04:28,1217.HK,0.019,0.025,0.018,0.019,6.00M
2018-08-29 16:04:31,1217.HK,0.019,0.025,0.018,0.019,6.00M
2018-08-29 16:04:35,1217.HK,0.019,0.025,0.018,0.019,6.00M
2018-08-29 16:04:40,1217.HK,0.019,0.025,0.018,0.019,6.00M
2018-08-29 16:04:44,1217.HK,0.019,0.025,0.018,0.019,6.00M
2018-08-29 16:04:47,1217.HK,0.019,0.025,0.018,0.019,6.00M
2018-08-29 16:04:50,1217.HK,0.019,0.025,0.018,0.019,6.00M
2018-08-29 16:04:54,1217.HK,0.019,0.025,0.018,0.019,6.00M
2018-08-29 16:04:59,1217.HK,0.019,0.025,0.018,0.019,6.00M
2018-08-29 16:05:03,1217.HK,0.019,0.025,0.018,0.019,6.00M
2018-08-29 16:05:07,1217.HK,0.019,0.025,0.018,0.019,6.00M
2018-08-29 16:05:10,1217.HK,0.019,0.025,0.018,0.019,6.00M
2018-08-29 16:05:14,1217.HK,0.019,0.025,0.018,0.019,6.00M
2018-08-29 16:05:18,1217.HK,0.019,0.025,0.018,0.019,6.00M
2018-08-29 16:05:24,1217.HK,0.019,0.025,0.018,0.019,6.00M
2018-08-29 16:05:29,1217.HK,0.019,0.025,0.018,0.019,6.00M
2018-08-29 16:05:33,1217.HK,0.019,0.025,0.018,0.019,6.00M
2018-08-29 16:05:39,1217.HK,0.019,0.025,0.018,0.019,6.00M
2018-08-29 16:05:42,1217.HK,0.019,0.025,0.018,0.019,6.00M
2018-08-29 16:05:46,1217.HK,0.019,0.025,0.018,0.019,6.00M
2018-08-29 16:05:54,1217.HK,0.019,0.025,0.018,0.019,6.00M
2018-08-29 16:06:02,1217.HK,0.019,0.025,0.018,0.019,6.00M
2018-08-29 16:06:06,1217.HK,0.019,0.025,0.018,0.019,6.00M
2018-08-29 16:06:12,1217.HK,0.019,0.025,0.018,0.019,6.00M
2018-08-29 16:06:16,1217.HK,0.019,0.025,0.018,0.019,6.00M
2018-08-29 16:06:20,1217.HK,0.019,0.025,0.018,0.019,6.00M
2018-08-29 16:06:24,1217.HK,0.019,0.025,0.018,0.019,6.00M
2018-08-29 16:06:28,1217.HK,0.019,0.025,0.018,0.019,6.00M
2018-08-29 16:06:31,1217.HK,0.019,0.025,0.018,0.019,6.00M
2018-08-29 16:06:34,1217.HK,0.019,0.025,0.018,0.019,6.00M
2018-08-29 16:06:37,1217.HK,0.019,0.025,0.018,0.019,6.00M
2018-08-29 16:06:40,1217.HK,0.019,0.025,0.018,0.019,6.00M
2018-08-29 16:06:44,1217.HK,0.019,0.025,0.018,0.019,6.00M
2018-08-29 16:06:48,1217.HK,0.019,0.025,0.018,0.019,6.00M
2018-08-29 16:06:52,1217.HK,0.019,0.025,0.018,0.019,6.00M
2018-08-29 16:06:55,1217.HK,0.019,0.025,0.018,0.019,6.00M
2018-08-29 16:06:59,1217.HK,0.019,0.025,0.018,0.019,6.00M
2018-08-29 16:07:02,1217.HK,0.019,0.025,0.018,0.019,6.00M
2018-08-29 16:07:06,1217.HK,0.019,0.025,0.018,0.019,6.00M
2018-08-29 16:07:09,1217.HK,0.019,0.025,0.018,0.019,6.00M
2018-08-29 16:07:13,1217.HK,0.019,0.025,0.018,0.019,6.00M
2018-08-29 16:07:17,1217.HK,0.019,0.025,0.018,0.019,6.00M
2018-08-29 16:07:21,1217.HK,0.019,0.025,0.018,0.019,6.00M
2018-08-29 16:07:24,1217.HK,0.019,0.025,0.018,0.019,6.00M
2018-08-29 16:07:28,1217.HK,0.019,0.025,0.018,0.019,6.00M
2018-08-29 16:07:31,1217.HK,0.019,0.025,0.018,0.019,6.00M
2018-08-29 16:07:35,1217.HK,0.019,0.025,0.018,0.019,6.00M
2018-08-29 16:07:39,1217.HK,0.019,0.025,0.018,0.019,6.00M
2018-08-29 16:07:42,1217.HK,0.019,0.025,0.018,0.019,6.00M
2018-08-29 16:07:46,1217.HK,0.019,0.025,0.018,0.019,6.00M
2018-08-29 16:07:53,1217.HK,0.019,0.025,0.018,0.019,6.00M
2018-08-29 16:07:58,1217.HK,0.019,0.025,0.018,0.019,6.00M
2018-08-29 16:08:10,1217.HK,0.019,0.025,0.018,0.019,6.00M
2018-08-29 16:08:13,1217.HK,0.019,0.025,0.018,0.019,6.00M
2018-08-29 16:08:15,1217.HK,0.019,0.025,0.018,0.019,6.00M
2018-08-29 16:08:19,1217.HK,0.019,0.025,0.018,0.019,6.00M
2018-08-29 16:08:24,1217.HK,0.019,0.025,0.018,0.019,6.00M
2018-08-29 16:08:27,1217.HK,0.019,0.025,0.018,0.019,6.00M
2018-08-29 16:08:30,1217.HK,0.019,0.025,0.018,0.019,6.00M
2018-08-29 16:08:34,1217.HK,0.019,0.025,0.018,0.019,6.00M
2018-08-29 16:08:37,1217.HK,0.019,0.025,0.018,0.019,6.00M
2018-08-29 16:08:40,1217.HK,0.019,0.025,0.018,0.019,6.00M
2018-08-29 16:08:44,1217.HK,0.019,0.025,0.018,0.019,6.00M
2018-08-29 16:08:47,1217.HK,0.019,0.025,0.018,0.019,6.00M
2018-08-29 16:08:52,1217.HK,0.019,0.025,0.018,0.019,6.00M
2018-08-29 16:08:55,1217.HK,0.019,0.025,0.018,0.019,6.00M
2018-08-29 16:08:58,1217.HK,0.019,0.025,0.018,0.019,6.00M
2018-08-29 16:09:01,1217.HK,0.019,0.025,0.018,0.019,6.00M
2018-08-29 16:09:04,1217.HK,0.019,0.025,0.018,0.019,6.00M
2018-08-29 16:09:10,1217.HK,0.019,0.025,0.018,0.019,6.00M
2018-08-29 16:09:21,1217.HK,0.019,0.025,0.018,0.019,6.00M
2018-08-29 16:09:24,1217.HK,0.019,0.025,0.018,0.019,6.00M
2018-08-29 16:09:28,1217.HK,0.019,0.025,0.018,0.019,6.00M
2018-08-29 16:09:31,1217.HK,0.019,0.025,0.018,0.019,6.00M
2018-08-29 16:09:34,1217.HK,0.019,0.025,0.018,0.019,6.00M
2018-08-29 16:09:37,1217.HK,0.019,0.025,0.018,0.019,6.00M
2018-08-29 16:09:42,1217.HK,0.019,0.025,0.018,0.019,6.00M
2018-08-29 16:09:49,1217.HK,0.019,0.025,0.018,0.019,6.00M
2018-08-29 16:09:52,1217.HK,0.019,0.025,0.018,0.019,6.00M
2018-08-29 16:10:03,1217.HK,0.019,0.025,0.018,0.019,6.00M
2018-08-29 16:10:12,1217.HK,0.019,0.025,0.018,0.019,6.00M
2018-08-29 16:10:15,1217.HK,0.019,0.025,0.018,0.019,6.00M
2018-08-29 16:10:22,1217.HK,0.019,0.025,0.018,0.019,6.00M
2018-08-29 16:10:25,1217.HK,0.019,0.025,0.018,0.019,6.00M
2018-08-29 16:10:27,1217.HK,0.019,0.025,0.018,0.019,6.00M
2018-08-29 16:10:29,1217.HK,0.019,0.025,0.018,0.019,6.00M
2018-08-29 16:10:31,1217.HK,0.019,0.025,0.018,0.019,6.00M
2018-08-29 16:10:35,1217.HK,0.019,0.025,0.018,0.019,6.00M
2018-08-29 16:10:39,1217.HK,0.019,0.025,0.018,0.019,6.00M
2018-08-29 16:10:42,1217.HK,0.019,0.025,0.018,0.019,6.00M
2018-08-29 16:10:44,1217.HK,0.019,0.025,0.018,0.019,6.00M
2018-08-29 16:10:47,1217.HK,0.019,0.025,0.018,0.019,6.00M
2018-08-29 16:10:49,1217.HK,0.019,0.025,0.018,0.019,6.00M
2018-08-29 16:10:51,1217.HK,0.019,0.025,0.018,0.019,6.00M
2018-08-29 16:10:53,1217.HK,0.019,0.025,0.018,0.019,6.00M
2018-08-29 16:10:56,1217.HK,0.019,0.025,0.018,0.019,6.00M
2018-08-29 16:10:58,1217.HK,0.019,0.025,0.018,0.019,6.00M
2018-08-29 16:11:01,1217.HK,0.019,0.025,0.018,0.019,6.00M
2018-08-29 16:11:03,1217.HK,0.019,0.025,0.018,0.019,6.00M
2018-08-29 16:11:07,1217.HK,0.019,0.025,0.018,0.019,6.00M
2018-08-29 16:11:13,1217.HK,0.019,0.025,0.018,0.019,6.00M
2018-08-29 16:11:19,1217.HK,0.019,0.025,0.018,0.019,6.00M
2018-08-29 16:11:22,1217.HK,0.019,0.025,0.018,0.019,6.00M
2018-08-29 16:11:24,1217.HK,0.019,0.025,0.018,0.019,6.00M
2018-08-29 16:11:32,1217.HK,0.019,0.025,0.018,0.019,6.00M
2018-08-29 16:11:35,1217.HK,0.019,0.025,0.018,0.019,6.00M
2018-08-29 16:11:37,1217.HK,0.019,0.025,0.018,0.019,6.00M
2018-08-29 16:11:41,1217.HK,0.019,0.025,0.018,0.019,6.00M
2018-08-29 16:11:43,1217.HK,0.019,0.025,0.018,0.019,6.00M
2018-08-29 16:11:47,1217.HK,0.019,0.025,0.018,0.019,6.00M
2018-08-29 16:11:50,1217.HK,0.019,0.025,0.018,0.019,6.00M
2018-08-29 16:11:54,1217.HK,0.019,0.025,0.018,0.019,6.00M
2018-08-29 16:12:03,1217.HK,0.019,0.025,0.018,0.019,6.00M
2018-08-29 16:12:12,1217.HK,0.019,0.025,0.018,0.019,6.00M
2018-08-29 16:12:17,1217.HK,0.019,0.025,0.018,0.019,6.00M
2018-08-29 16:12:21,1217.HK,0.019,0.025,0.018,0.019,6.00M
2018-08-29 16:12:30,1217.HK,0.019,0.025,0.018,0.019,6.00M
2018-08-29 16:12:33,1217.HK,0.019,0.025,0.018,0.019,6.00M
2018-08-29 16:12:35,1217.HK,0.019,0.025,0.018,0.019,6.00M
2018-08-29 16:12:39,1217.HK,0.019,0.025,0.018,0.019,6.00M
2018-08-29 16:12:41,1217.HK,0.019,0.025,0.018,0.019,6.00M
2018-08-29 16:12:44,1217.HK,0.019,0.025,0.018,0.019,6.00M
2018-08-29 16:12:46,1217.HK,0.019,0.025,0.018,0.019,6.00M
2018-08-29 16:12:48,1217.HK,0.019,0.025,0.018,0.019,6.00M
2018-08-29 16:12:50,1217.HK,0.019,0.025,0.018,0.019,6.00M
2018-08-29 16:12:52,1217.HK,0.019,0.025,0.018,0.019,6.00M
2018-08-29 16:12:54,1217.HK,0.019,0.025,0.018,0.019,6.00M
2018-08-29 16:12:58,1217.HK,0.019,0.025,0.018,0.019,6.00M
2018-08-29 16:13:02,1217.HK,0.019,0.025,0.018,0.019,6.00M
2018-08-29 16:13:05,1217.HK,0.019,0.025,0.018,0.019,6.00M
2018-08-29 16:13:14,1217.HK,0.019,0.025,0.018,0.019,6.00M
2018-08-29 16:13:27,1217.HK,0.019,0.025,0.018,0.019,6.00M
2018-08-29 16:13:31,1217.HK,0.019,0.025,0.018,0.019,6.00M
